hydro/data/static_data/land/marche.area.txt
ncols   643
nrows   534
xllcorner    12.0418
yllcorner    42.5206
cellsize    0.003003
NODATA_value -9999
[rows 120 to 159 of 534, columns 90 to 179 of 643]
2 27 31 38 41 1 2 6 3 3 2 1 1 1 1 1 2 1 10 6 1 1 49 51 480 2 2 16 1 8 1 2 8 3 1 1 3 6 2 1 2 2 10 2 2 1 2 2 2157 1 2 35 1 1 1 1 2 9 5 2 1 1 1 1 1 2 10 15 1 1 1 1 1 17 19 26 515 520 1 8 1 2 1 1 2 6 2 3 6 8
24 1 2 3 2 1 3 2 2 2 1 1 2 3 5 7 8 9 2 3 1 4 43 1 1 487 490 18 9 1 4 10 1 1 1 1 1 2 10 14 20 25 40 45 48 1 2 2149 2 2 1 1 31 3 2 1 1 3 1 1 1 2 2 1 1 2 1 16 2 2 2 1 1 1 1 479 8 3 1 1 6 2 1 1 1 1 10 1 1 1
2 1 1 1 1 1 1 1 1 1 1 1 1 2 3 1 1 1 1 1 1 1 42 1 2 1 2 513 523 6 11 1 2 2 2 1 1 1 1 2 2 2 2 2 2 52 54 2143 1 1 1 1 3 22 1 1 1 1 1 1 2 8 12 1 1 1 3 2 92 96 101 103 105 1 474 2 1 7 2 1 2 1 1 3 1 2 1 11 264 267
1 1 1 1 1 1 1 1 1 1 1 2 2 1 1 5 2 2 1 1 1 37 3 1 1 1 1 1 1 531 13 3 3 1 3 3 1 1 1 1 1 1 1 1 1 1 2084 4 3 2 1 1 1 20 10 6 3 1 1 1 2 1 14 16 1 2 63 69 2 1 2 1 2 467 2 2 1 2 4 1 1 1 1 2 6 2 3 249 2 1
2 3 2 2 3 2 2 2 1 3 1 2 3 6 8 11 19 25 26 30 33 2 1 1 1 1 1 1 2 26 575 4 2 1 4 5 1 2 1 1 1 1 1 1 2 3 2082 29 2 1 1 1 1 1 7 2 1 1 1 2 1 1 1 1 54 58 1 2 1 1 1 1 2 352 7 1 1 1 1 1 1 1 2 1 1 7 239 4 1 1
1 2 6 9 13 20 23 3 1 5 2 1 3 1 2 1 1 1 1 1 1 1 1 5 7 14 17 21 23 1 3 587 591 1 10 1 2 6 2 1 1 2 2 2 1 1 2049 26 25 6 4 3 1 1 4 1 1 1 1 14 15 19 22 30 5 2 1 1 1 2 1 2 343 3 3 6 2 1 1 2 4 12 16 1 2 227 2 2 1 1
1 1 1 1 1 1 3 28 33 38 44 48 1 4 1 2 3 1 1 1 1 1 1 2 1 3 2 2 1 2 3 1 3 597 609 1 9 1 1 1 2 4 8 11 3 5 2045 2 1 17 2 1 1 1 2 1 1 2 7 9 1 2 4 2 3 1 1 1 2 1 3 336 2 2 2 2 3 1 1 2 6 1 2 19 219 2 2 1 1 1
1 1 2 2 1 1 1 1 3 1 4 7 58 5 1 1 1 6 1 2 4 1 1 1 1 1 1 1 1 1 1 1 1 1 3 615 626 2 1 2 1 1 1 2 14 2037 2 1 1 1 13 9 6 3 1 1 1 2 1 1 1 1 2 1 1 1 1 1 2 3 329 1 1 1 1 1 1 1 1 2 1 1 1 196 1 1 1 1 1 1
1 1 3 3 4 1 1 1 1 2 2 1 1 60 67 2 1 1 8 2 8 2 1 2 1 1 1 1 1 1 1 2 1 1 1 1 2 633 3 2 1 1 1 2 3 2022 1 1 1 1 1 1 1 1 1 1 1 1 1 1 1 1 1 1 1 1 2 1 1 3 312 12 11 9 4 2 1 1 1 1 1 1 2 194 1 1 1 1 2 1
1 1 1 4 8 3 1 1 1 1 1 2 3 4 11 84 2 1 1 9 13 2 4 1 1 2 5 2 1 2 4 5 8 10 1 1 1 1 640 2 1 1 3 4 1 2017 4 2 1 1 1 1 1 1 1 1 3 3 2 2 2 1 3 2 1 3 3 1 2 304 2 2 1 2 2 1 1 2 1 3 2 1 1 190 66 63 2 4 1 1
1 1 2 2 13 5 2 1 1 1 1 2 3 6 3 3 92 94 2 1 31 6 1 1 1 1 6 3 1 2 1 1 1 1 12 1 1 1 644 3 1 1 1 1 5 2011 36 35 33 2 1 10 8 4 1 1 2 9 3 3 3 1 2 9 2 1 4 4 296 2 2 1 1 1 1 1 2 2 18 20 27 28 120 2 1 1 58 2 1 1
1 1 2 5 19 3 2 2 1 1 2 1 2 2 2 2 3 8 105 109 33 1 1 2 1 2 11 1 1 4 1 2 3 2 13 2 2 1 1 649 1 1 2 1945 1948 20 1 1 2 26 13 2 1 1 1 1 2 3 16 7 1 1 1 1 13 2 1 5 289 1 1 1 1 1 1 2 7 11 2 1 1 2 86 2 1 1 50 2 1 1
1 1 3 11 23 3 3 1 2 2 1 3 1 1 1 2 2 2 2 2 145 2 1 3 1 2 14 2 2 1 6 1118 1123 1207 1223 1228 1232 1244 1249 1250 1902 2 1939 2 1 1 18 14 1 1 10 3 2 1 1 1 1 2 4 30 2 1 1 1 1 16 227 230 53 2 1 1 2 3 1 2 2 1 1 1 1 81 2 2 1 1 1 45 1 1
1 1 2 14 27 4 1 2 3 3 2 4 1 1 1 1 1 1 1 1 149 2 1 4 1 2 3 17 1100 1104 1108 1 1 81 2 2 1 10 4 1 9 1928 5 3 1 1 2 13 9 1 2 3 1 1 3 1 1 1 1 1 35 1 1 2 204 208 2 1 4 46 16 13 10 2 1 1 1 1 2 3 76 2 1 1 1 1 3 43 3 1
1 1 1 2 48 2 3 1 4 4 3 5 2 2 1 1 1 1 1 1 2 152 2 5 1 1068 1073 1076 4 2 2 1 1 79 1 1 1 8 3 4 4 16 2 2 2 1 1 2 8 2 1 1 2 4 5 1 2 1 1 2 39 41 1 198 2 2 1 1 2 29 1 1 1 3 2 1 1 1 1 2 70 1 1 1 1 1 1 2 33 30
2 2 1 1 50 56 2 1 5 5 4 6 3 3 2 1 2 2 2 2 1 1041 1047 1054 1057 6 1 2 3 1 1 1 2 78 1 1 3 4 2 3 3 12 3 1 1 1 1 1 2 2 1 1 1 3 14 4 2 1 1 1 1 1 182 1 12 1 1 1 1 2 24 1 1 3 2 1 1 3 7 9 67 11 10 9 2 1 1 1 1 28
3 3 2 1 1 57 3 2 6 6 5 7 4 4 3 1 2 3 3 813 817 885 3 1 2 4 1 1 2 1 1 1 68 6 4 2 1 3 1 2 2 11 1 1 1 1 1 1 1 1 1 1 1 1 1 22 2 1 2 1 1 135 3 1 2 9 3 1 1 1 21 14 8 3 2 1 1 2 1 1 1 44 3 1 4 2 1 2 12 4
489 493 496 2 1 59 4 3 7 7 6 8 5 5 4 1 2 3 805 2 1 65 2 2 1 2 1 1 1 1 32 34 66 1 1 1 1 1 1 1 1 10 2 4 6 9 2 2 1 1 1 3 1 1 2 3 25 2 3 1 128 3 1 2 1 2 3 1 1 4 2 3 1 1 1 1 1 2 4 5 38 1 1 1 1 1 2 6 3 3
4 3 5 507 511 573 579 583 710 719 727 738 744 6 771 775 791 796 2 1 1 61 2 1 1 1 1 1 1 23 28 1 28 2 1 1 3 2 1 1 2 9 1 1 1 1 11 17 20 2 2 4 2 1 1 1 92 94 99 105 19 1 2 1 1 1 1 1 1 1 1 1 1 1 2 2 1 1 1 3 7 25 2 1 1 1 1 2 2 2
3 2 1 3 2 2 1 2 117 1 1 2 3 758 2 2 15 2 1 2 58 1 1 1 1 2 6 10 13 7 4 1 4 22 12 9 5 2 1 1 4 1 1 1 2 1 1 1 1 25 32 37 45 49 53 60 2 1 2 2 4 14 3 2 1 1 1 1 1 1 1 1 1 1 6 2 1 1 1 2 1 7 15 2 1 1 1 1 1 1
1 1 1 1 1 1 1 1 1 114 1 1 2 10 1 1 14 1 1 1 55 2 1 1 1 1 2 2 1 6 3 2 1 7 2 1 1 1 1 1 1 1 1 1 1 4 1 1 1 1 3 2 3 2 3 4 1 1 1 1 3 2 8 5 3 1 2 2 2 2 2 2 1 2 21 13 6 2 1 1 1 5 12 10 7 3 1 1 1 1
1 1 1 1 1 1 1 2 109 2 1 1 6 2 1 12 1 1 1 33 35 16 12 5 2 1 1 1 1 4 2 1 3 2 1 1 1 1 4 2 1 1 1 2 2 7 2 1 1 1 1 1 2 1 2 2 1 1 1 1 1 1 1 1 1 1 1 5 3 3 1 5 2 26 23 1 3 2 1 1 2 2 1 1 1 1 1 2 3 1
1 2 3 2 47 50 51 96 8 2 1 1 4 1 10 1 1 24 26 5 1 3 4 1 1 1 1 1 1 2 1 1 1 1 1 1 1 8 1 1 2 1 3 5 3 14 2 2 1 1 1 1 1 1 1 1 1 3 1 1 1 1 1 1 1 1 3 2 6 7 1 7 48 45 1 1 1 2 1 1 1 1 1 2 1 1 1 5 5 2
3 31 39 41 2 1 1 43 5 2 1 1 2 3 6 1 17 21 1 2 2 2 2 1 1 2 3 1 1 1 1 1 2 1 2 2 1 11 1 2 3 1 1 2 8 26 1 4 1 3 2 1 1 2 1 1 2 6 1 2 2 2 2 3 1 1 1 4 3 78 64 61 1 17 8 5 2 1 1 2 2 1 1 1 5 1 1 2 15 3
23 3 2 1 1 1 2 42 3 1 1 1 2 2 3 11 4 2 1 1 1 1 1 1 1 2 7 1 4 1 1 1 1 3 8 4 1 1 12 7 1 1 2 1 2 29 31 6 1 7 1 2 4 4 1 1 5 7 1 3 3 3 6 2 1 1 2 8 85 2 1 2 2 3 5 1 1 1 1 2 8 2 1 1 7 2 1 1 2 19
2 2 1 1 14 16 18 14 7 2 1 1 1 2 3 7 2 1 1 1 1 1 1 1 3 5 10 6 2 1 1 3 6 11 9 1 1 1 14 1 9 2 1 3 1 3 35 43 9 1 1 1 1 10 1 1 6 8 1 5 4 4 7 3 2 2 1 95 1 1 1 1 1 2 4 1 1 2 5 16 1 1 1 3 1 11 1 1 1 23
1 1 1 9 3 1 1 10 3 6 3 1 1 2 2 4 1 1 1 1 4 2 2 1 1 1 17 9 1 1 1 1 1 2 22 1 1 3 1 15 26 3 2 6 2 1 1 1 57 2 1 1 2 12 2 2 1 15 2373 2383 2389 2394 8 4 3 3 2 96 1 1 2 1 1 1 1 1 1 2 3 21 2 1 2 4 1 14 2 1 1 61
1 1 3 4 2 1 7 2 2 1 1 1 1 1 1 2 1 2 9 14 15 21 27 2 1 1 18 13 2 2 1 1 2 3 33 4 1 1 4 2 1 30 11 2 1 1 1 2 60 1 1 3 3 1 15 2336 2341 2351 5 4 1 3 2407 2414 2423 2428 2431 103 5 3 1 1 4 2 1 1 1 1 3 7 31 34 49 56 59 76 2 1 1 69
1 1 1 2 1 3 2 1 1 1 1 1 1 1 1 1 3 5 2 1 1 1 2 53 55 1 82 14 3 2 1 1 1 2 37 1 1 1 2 5 3 32 12 1 1 1 1 1 61 2 1 2 2307 2309 2317 1 3 9 4 3 2 1 4 2 1 1 1 2536 3 2 1 8 2 1 1 4 2 1 2 1 2 8 3 2 1 2 101 103 1 73
1 1 1 1 1 1 1 1 2 4 2 1 4 1 1 1 1 1 1 1 1 15 19 2 1 61 2 99 6 2 2 1 1 2 40 1 1 1 2 8 1 48 2 1 2 2 1 2 2 64 1 2296 2 1 3 3 2 8 3 2 1 2 1 1 104 107 108 110 2650 2 9 1 1 1 1 7 1 1 1 1 2 5 2 1 1 1 19 2 107 182
2 2 2 1 1 1 1 1 1 4 12 14 6 2 1 1 1 2 5 10 13 2 1 1 1 3 1 1 107 112 2 1 1 1 2 43 1 1 2 11 1 50 2062 2067 2070 3 2 2191 2198 2268 2271 18 4 1 2 2 1 7 2 1 1 1 1 101 2 2 1 2 2656 10 2 2 1 2 13 11 2 1 1 1 2 2 1 2 3 13 18 1 1 2
1 1 6 1 2 2 2 1 2 1 1 16 25 1 2 2 1 2 1 2 1 1 1 1 1 1 1 1 1 1 115 2 2 1 1 47 1 1 2 3 12 2007 2 3 1 2182 2184 2 4 5 2 3 14 3 1 1 2 4 1 1 1 1 98 1 1 1 1 1 21 2690 2715 20 18 17 1 1 2 2 2 1 1 1 1 1 5 9 3 1 1 1
1 2 8 1 3 5 2 1 1 1 2 3 30 34 3 1 1 1 1 1 1 1 1 3 1 1 1 2 2 2 1708 1712 1717 1840 1845 1895 1899 1902 1980 1986 1991 2 1 2 1 106 1 1 3 4 1 2 12 1 2 1 1 2 1 2 4 93 1 1 1 1 17 20 2 1 2717 1 1 1 1 1 10 5 2 1 1 1 1 3 2 1 1 1 1 3
2 3 10 1 4 8 2 2 1 1 1 1 1 39 2 1 4 1 1 1 2 2 2 5 2 2 2 1576 1582 1586 3 1 2 121 4 1 2 1 75 2 1 3 1 1 1 103 2 1 2 2 1 1 5 6 1 1 1 1 1 1 85 1 1 1 13 15 2 1 1 2 2813 2816 2 2 1 12 2 1 1 2 1 2 1 1 1 1 1 1 1 1
3 14 1 1 14 3 3 1 1 4 1 1 1 2 51 6 1 1 1 2 2 3 5 1537 1553 1559 1565 6 3 3 2 1 1 120 2 1 1 1 72 1 1 1 1 1 1 101 13 11 8 1 1 1 3 3 1 1 2 1 2 4 82 1 1 8 2 1 1 1 2 91 2 1 2821 2825 1 15 1 1 2 3 2 4 1 1 1 2 2 1 2 1
909 925 927 2 18 4 2 1 1 7 1 1 2 1 53 1 1 1 2 2 3 3 1526 1 12 3 5 5 2 2 1 1 112 4 2 1 1 2 71 3 1 1 4 6 82 2 2 1 2 7 2 1 1 1 1 1 2 5 71 73 3 1 4 2 1 1 2 1 2 86 1 1 2 2831 16 1 2 2 3 4 7 2 1 1 3 1 3 4 1 4
3 1 5 936 959 1 4 1 1 9 2 2 1 3 55 2 1 2 3 1475 1479 1515 1518 1 11 2 4 4 1 1 1 106 110 2 1 1 1 2 64 1 1 2 2 73 1 1 1 1 1 2 2 1 1 1 1 1 1 62 2 1 2 1 2 1 1 1 1 3 81 3 1 1 2 2 2852 2855 2977 2983 2987 5 8 3 2 2 5 1 1 8 1 1
2 2 2 1 2 964 971 1 2 10 3 3 2 1 59 3 1457 1463 1467 2 3 32 1 1 10 1 3 2 1 1 2 104 2 1 1 1 2 59 1 1 1 1 2 68 2 1 1 1 1 1 1 1 4 7 8 10 56 2 2 1 1 1 1 1 1 3 68 75 2 1 1 1 1 1 1 1 119 3 30 3024 3035 3039 3045 3 7 1 2 9 1 3
1 1 1 1 1 1 1 975 1332 1344 1350 1358 1379 1381 1444 1448 4 3 3 1 2 30 1 5 3 1 2 1 1 1 98 2 1 1 1 1 2 56 7 4 2 1 1 3 62 2 2 2 1 1 1 1 1 1 1 1 44 2 1 1 1 1 1 33 36 57 6 4 1 1 1 2 3 1 1 116 2 2 29 1 2 3 21 3075 8 2 3124 3138 3140 3149
2 1 1 1 1 1 1 325 29 1 2 4 18 1 2 3 3 2 2 1 24 4 1 4 1 1 1 1 1 3 96 2 1 1 1 3 37 8 1 2 1 1 1 1 59 19 14 10 4 2 1 1 1 1 2 32 1 7 1 1 3 25 29 1 1 20 2 3 3 1 1 2 3 4 112 2 1 1 28 1 2 20 5 4 3105 3112 7 4 5 2
