hydro/data/static_data/land/marche.aspect.txt
ncols	643
nrows	534
xllcorner	12.041800
yllcorner	42.520600
cellsize	0.003003
NODATA_value	-9999.000000
[rows 319 to 347 of 534, columns 536 to 602 of 643]
355.79 354.32 341.45 333.21 340.65 329.14 317.70 318.35 345.52 39.04 43.78 338.27 258.78 257.31 265.63 257.70 246.03 305.68 10.90 348.79 348.15 359.84 17.14 69.40 119.52 142.89 156.44 154.74 147.97 139.68 118.82 63.97 35.31 23.54 16.18 15.87 80.61 165.66 185.24 186.46 168.35 156.48 157.93 150.59 147.26 155.16 169.36 -9999.00 -9999.00 -9999.00 -9999.00 -9999.00 -9999.00 -9999.00 -9999.00 -9999.00 -9999.00 -9999.00 -9999.00 -9999.00 -9999.00 -9999.00 -9999.00 -9999.00 -9999.00 -9999.00 -9999.00
346.21 350.35 341.28 340.69 354.39 330.73 309.73 304.66 340.11 40.40 31.55 16.78 351.56 289.74 265.84 254.72 247.85 223.62 199.97 239.21 229.19 152.30 131.18 106.58 87.11 48.97 7.49 11.01 24.34 30.92 28.11 29.51 48.31 41.85 6.93 9.06 16.72 28.01 44.63 138.45 175.92 162.20 145.32 144.45 143.65 147.37 170.49 -9999.00 -9999.00 -9999.00 -9999.00 -9999.00 -9999.00 -9999.00 -9999.00 -9999.00 -9999.00 -9999.00 -9999.00 -9999.00 -9999.00 -9999.00 -9999.00 -9999.00 -9999.00 -9999.00 -9999.00
342.47 337.66 331.52 340.34 358.04 350.90 308.67 287.89 314.95 19.00 24.84 23.56 10.96 343.86 320.71 302.29 291.67 164.21 163.14 190.53 186.74 175.06 176.30 155.13 60.50 7.64 1.62 21.60 53.02 68.39 89.78 128.05 145.08 163.38 183.41 193.52 187.47 97.60 86.42 88.56 122.63 147.96 145.91 147.02 139.58 350.36 346.90 353.54 359.35 7.27 -9999.00 -9999.00 -9999.00 -9999.00 -9999.00 -9999.00 -9999.00 -9999.00 -9999.00 -9999.00 -9999.00 -9999.00 -9999.00 -9999.00 -9999.00 -9999.00 -9999.00
333.48 328.83 324.63 329.69 350.62 2.38 348.55 313.34 301.20 49.30 69.06 27.30 6.28 356.28 345.81 332.49 336.80 86.95 104.64 155.11 178.13 184.57 197.93 202.78 223.33 181.09 145.49 150.33 138.13 131.26 105.68 55.74 40.29 46.38 97.06 182.98 189.16 164.70 146.18 148.76 150.08 144.02 143.49 327.16 332.56 334.95 342.74 355.82 -9999.00 -9999.00 -9999.00 -9999.00 -9999.00 -9999.00 -9999.00 -9999.00 -9999.00 -9999.00 -9999.00 -9999.00 -9999.00 -9999.00 -9999.00 -9999.00 -9999.00 -9999.00 -9999.00
332.57 334.84 334.94 331.04 341.20 7.29 12.13 286.76 201.30 157.22 162.13 191.60 208.02 185.12 194.93 185.37 166.37 149.62 110.91 102.82 135.94 200.52 228.32 235.24 227.00 169.21 139.98 148.33 151.33 160.93 176.97 170.21 154.57 87.43 87.00 118.34 165.93 163.27 152.61 158.73 161.06 150.64 318.27 320.72 324.44 324.94 -9999.00 -9999.00 -9999.00 -9999.00 -9999.00 -9999.00 -9999.00 -9999.00 -9999.00 -9999.00 -9999.00 -9999.00 -9999.00 -9999.00 -9999.00 -9999.00 -9999.00 -9999.00 -9999.00 -9999.00 -9999.00
333.71 342.03 358.63 226.99 178.71 164.28 167.28 167.80 181.23 165.74 146.83 184.08 200.78 181.86 177.63 176.57 169.32 176.19 143.41 112.94 110.29 213.07 240.36 225.26 207.35 175.11 126.93 105.37 100.87 115.04 157.64 174.71 183.75 164.63 141.39 140.85 156.27 162.87 153.40 154.98 359.64 354.60 319.14 306.16 303.81 302.95 -9999.00 -9999.00 -9999.00 -9999.00 -9999.00 -9999.00 -9999.00 -9999.00 -9999.00 -9999.00 -9999.00 -9999.00 -9999.00 -9999.00 -9999.00 -9999.00 -9999.00 -9999.00 -9999.00 -9999.00 -9999.00
333.83 45.52 124.51 162.21 171.78 169.03 168.87 167.10 211.73 228.91 92.79 125.23 200.35 186.84 180.05 171.19 165.27 202.57 158.03 101.22 104.21 185.32 226.48 208.93 192.85 184.77 166.37 141.99 140.06 137.43 134.03 152.41 174.88 168.81 153.16 149.75 170.77 351.24 349.22 338.14 357.60 10.04 313.80 289.75 290.58 -9999.00 -9999.00 -9999.00 -9999.00 -9999.00 -9999.00 -9999.00 -9999.00 -9999.00 -9999.00 -9999.00 -9999.00 -9999.00 -9999.00 -9999.00 -9999.00 -9999.00 -9999.00 -9999.00 -9999.00 -9999.00 -9999.00
34.18 110.92 108.26 112.34 142.82 165.88 171.20 195.98 235.34 215.14 111.64 82.69 132.80 194.80 204.91 157.93 160.69 228.84 190.04 113.20 111.83 159.96 212.00 200.25 176.73 179.79 175.57 164.90 166.19 168.30 162.76 159.10 168.46 169.18 154.17 332.65 332.65 346.21 352.54 346.31 35.39 67.94 294.52 280.80 -9999.00 -9999.00 -9999.00 -9999.00 -9999.00 -9999.00 -9999.00 -9999.00 -9999.00 -9999.00 -9999.00 -9999.00 -9999.00 -9999.00 -9999.00 -9999.00 -9999.00 -9999.00 -9999.00 -9999.00 -9999.00 -9999.00 -9999.00
142.27 133.62 138.12 95.07 51.66 48.03 84.63 198.06 207.99 205.93 197.22 90.69 95.17 176.98 196.10 162.52 174.02 194.56 178.28 160.13 150.67 165.69 192.13 187.28 173.11 174.64 172.78 166.11 167.19 172.71 158.60 137.19 227.25 327.15 339.20 331.37 329.18 346.61 31.38 108.87 125.07 100.93 300.20 289.82 -9999.00 -9999.00 -9999.00 -9999.00 -9999.00 -9999.00 -9999.00 -9999.00 -9999.00 -9999.00 -9999.00 -9999.00 -9999.00 -9999.00 -9999.00 -9999.00 -9999.00 -9999.00 -9999.00 -9999.00 -9999.00 -9999.00 -9999.00
144.67 128.70 161.36 198.43 64.80 47.53 57.52 88.77 187.99 207.78 186.79 155.02 146.56 167.98 179.73 169.12 176.70 177.24 168.70 169.52 172.92 13.53 48.99 171.62 195.81 337.33 8.88 13.90 350.95 347.45 6.83 31.05 335.61 313.83 329.67 330.86 332.53 111.40 128.75 130.49 93.34 333.15 320.57 -9999.00 -9999.00 -9999.00 -9999.00 -9999.00 -9999.00 -9999.00 -9999.00 -9999.00 -9999.00 -9999.00 -9999.00 -9999.00 -9999.00 -9999.00 -9999.00 -9999.00 -9999.00 -9999.00 -9999.00 -9999.00 -9999.00 -9999.00 -9999.00
134.10 97.58 122.15 203.86 182.65 161.12 154.97 150.48 166.92 181.33 172.53 164.96 157.92 128.44 336.58 353.24 11.47 47.86 67.32 321.04 327.48 356.08 27.34 9.45 339.38 343.69 356.87 6.43 352.65 344.02 23.80 62.18 317.50 286.91 297.10 309.33 121.51 123.48 89.90 17.14 346.36 331.23 -9999.00 -9999.00 -9999.00 -9999.00 -9999.00 -9999.00 -9999.00 -9999.00 -9999.00 -9999.00 -9999.00 -9999.00 -9999.00 -9999.00 -9999.00 -9999.00 -9999.00 -9999.00 -9999.00 -9999.00 -9999.00 -9999.00 -9999.00 -9999.00 -9999.00
141.27 112.70 124.41 167.59 168.36 166.10 170.03 168.77 168.48 136.98 16.37 337.76 344.93 353.05 352.77 11.61 79.16 87.13 2.05 319.73 321.08 23.89 67.67 356.58 320.97 320.79 337.63 3.71 359.67 10.77 101.29 101.46 302.54 295.47 289.51 162.49 116.31 15.75 350.81 357.73 350.72 335.54 -9999.00 -9999.00 -9999.00 -9999.00 -9999.00 -9999.00 -9999.00 -9999.00 153.05 131.88 336.72 -9999.00 -9999.00 -9999.00 -9999.00 -9999.00 -9999.00 -9999.00 -9999.00 -9999.00 -9999.00 -9999.00 -9999.00 -9999.00 -9999.00
149.01 143.45 149.32 154.93 164.73 335.84 349.84 349.84 350.82 359.56 357.46 348.18 349.65 48.73 143.23 150.01 154.58 326.55 331.51 325.22 350.52 104.29 109.18 304.12 301.45 302.55 310.08 338.83 30.03 97.54 112.87 59.70 307.95 313.69 341.72 29.27 354.25 337.23 343.85 2.89 7.92 357.94 -9999.00 -9999.00 -9999.00 -9999.00 -9999.00 -9999.00 159.74 159.21 6.93 351.26 335.28 -9999.00 -9999.00 -9999.00 -9999.00 -9999.00 -9999.00 -9999.00 -9999.00 -9999.00 -9999.00 -9999.00 -9999.00 -9999.00 -9999.00
149.14 148.63 161.74 345.54 333.63 334.44 346.06 344.52 343.63 0.71 12.44 40.35 125.25 149.52 152.86 66.84 346.65 315.35 309.99 320.37 84.93 94.63 336.80 321.12 327.84 327.81 327.18 357.85 99.73 111.19 109.73 297.77 301.39 320.54 352.48 349.70 342.99 337.44 351.67 64.83 68.26 19.18 61.91 114.65 147.59 155.91 87.39 1.79 353.78 352.02 349.30 353.40 46.32 128.98 -9999.00 -9999.00 -9999.00 -9999.00 -9999.00 -9999.00 -9999.00 -9999.00 -9999.00 -9999.00 -9999.00 -9999.00 -9999.00
140.55 353.55 338.51 332.80 315.43 297.88 289.89 287.85 284.99 109.65 125.11 135.44 135.14 155.11 325.07 355.20 3.42 308.05 288.48 355.14 98.40 37.73 325.65 327.08 334.81 336.62 337.02 105.33 113.15 109.66 98.93 286.44 291.76 320.89 340.98 346.52 353.21 23.23 116.29 118.64 121.57 150.92 114.85 83.13 0.74 352.58 355.18 352.36 357.61 13.12 147.68 154.05 143.49 129.36 337.33 -9999.00 -9999.00 -9999.00 -9999.00 -9999.00 -9999.00 -9999.00 -9999.00 -9999.00 -9999.00 -9999.00 -9999.00
343.52 345.45 355.98 355.05 292.00 246.38 233.76 243.64 235.43 125.11 121.12 131.63 69.85 324.83 321.76 5.74 32.94 323.90 314.10 69.11 77.22 323.85 323.95 330.83 340.04 26.86 131.62 135.79 118.02 95.17 314.94 293.49 301.38 313.70 334.29 12.23 75.56 102.32 99.45 101.31 125.42 86.33 17.35 359.62 344.75 348.99 4.39 111.30 140.84 151.03 160.44 159.03 118.42 346.62 -9999.00 -9999.00 -9999.00 -9999.00 -9999.00 -9999.00 -9999.00 -9999.00 -9999.00 -9999.00 -9999.00 -9999.00 -9999.00
329.14 339.96 7.94 19.89 5.59 334.37 324.40 295.52 177.70 135.88 122.60 105.38 310.25 312.51 309.81 13.89 25.67 329.91 340.35 78.37 38.40 293.60 295.11 311.56 102.07 129.91 135.71 130.33 88.00 71.75 303.70 297.38 308.04 308.83 329.01 99.43 96.24 90.36 90.88 33.48 354.75 355.64 1.35 9.89 181.04 168.22 162.85 156.39 136.71 113.89 11.40 348.00 345.36 339.31 -9999.00 -9999.00 -9999.00 -9999.00 -9999.00 -9999.00 -9999.00 -9999.00 -9999.00 -9999.00 -9999.00 -9999.00 -9999.00
299.53 293.20 336.55 10.54 13.66 2.60 5.14 147.18 149.79 145.00 101.47 331.17 327.21 322.21 280.29 321.17 358.70 349.16 32.00 50.68 4.19 304.50 269.71 197.12 136.96 127.17 70.60 34.98 79.48 72.15 294.45 290.60 296.07 306.93 83.36 100.27 100.89 91.24 21.17 341.58 351.58 70.66 134.96 151.91 158.01 152.83 146.39 12.36 10.82 8.82 355.56 344.78 334.30 190.76 -9999.00 -9999.00 -9999.00 -9999.00 -9999.00 -9999.00 -9999.00 -9999.00 -9999.00 -9999.00 -9999.00 -9999.00 -9999.00
327.48 325.86 328.16 350.37 31.69 82.12 133.39 147.80 149.23 334.34 333.51 335.41 350.11 6.18 348.24 319.37 330.28 2.34 37.67 12.89 359.32 356.59 325.89 121.80 104.36 10.26 28.52 96.87 110.85 326.70 305.82 301.40 297.27 309.09 102.39 94.05 69.70 35.42 345.40 301.29 138.40 121.40 98.24 46.02 15.87 7.68 355.58 345.66 356.84 27.10 48.65 120.57 146.42 127.20 -9999.00 -9999.00 -9999.00 -9999.00 -9999.00 -9999.00 -9999.00 -9999.00 -9999.00 -9999.00 -9999.00 -9999.00 -9999.00
324.48 328.04 353.18 134.79 151.70 143.80 137.22 145.30 250.62 284.28 287.68 282.58 269.20 61.18 9.98 287.56 273.19 333.41 20.47 358.19 2.93 25.53 53.34 72.53 28.54 90.13 127.33 113.59 357.28 323.65 316.62 320.13 327.09 94.74 91.74 39.30 25.42 14.02 4.61 35.65 62.61 43.20 15.30 1.48 359.87 358.90 354.67 356.90 54.57 100.64 116.99 143.14 160.88 147.32 146.68 -9999.00 -9999.00 -9999.00 -9999.00 -9999.00 -9999.00 -9999.00 -9999.00 -9999.00 -9999.00 -9999.00 -9999.00
317.42 12.62 136.69 145.06 154.40 145.90 87.74 62.32 265.30 246.38 227.66 203.23 186.94 192.89 229.53 285.37 273.24 279.92 327.82 352.64 33.97 75.01 82.36 44.35 51.25 87.51 56.30 352.30 336.54 329.54 323.47 334.85 18.41 25.37 8.80 9.77 11.79 4.71 12.51 29.51 31.65 12.40 357.18 355.07 2.74 9.35 9.71 28.63 72.77 99.44 123.18 154.64 167.73 163.37 157.62 151.71 -9999.00 -9999.00 -9999.00 -9999.00 -9999.00 -9999.00 -9999.00 -9999.00 -9999.00 -9999.00 -9999.00
247.51 133.26 135.94 141.45 331.31 351.56 52.00 56.39 302.38 310.12 317.25 331.82 344.87 323.60 321.53 338.51 346.06 323.56 318.72 1.96 65.08 74.00 53.63 4.31 7.19 11.82 358.51 340.98 337.57 337.55 338.85 2.64 12.13 7.96 7.35 8.31 6.04 9.57 37.38 52.12 25.03 358.03 2.19 26.02 92.29 117.51 135.58 141.79 137.42 132.57 133.59 145.21 153.27 150.73 146.67 144.27 147.40 160.68 -9999.00 -9999.00 -9999.00 -9999.00 -9999.00 -9999.00 -9999.00 -9999.00 -9999.00
140.80 130.16 117.69 337.49 332.94 30.39 93.90 95.23 282.39 294.20 319.99 340.10 353.21 339.98 312.35 315.24 336.11 314.16 319.60 26.74 62.90 56.41 16.88 349.53 354.17 0.12 350.40 340.04 344.12 348.16 356.75 13.97 12.41 15.47 11.05 13.43 32.66 64.75 79.43 74.60 60.26 149.08 143.82 149.81 161.77 164.60 163.13 158.71 152.06 146.25 145.06 150.05 151.65 152.94 155.50 152.77 146.02 145.54 10.26 341.38 -9999.00 -9999.00 -9999.00 -9999.00 -9999.00 -9999.00 -9999.00
128.11 92.72 341.37 330.65 354.35 87.23 83.30 21.02 272.36 236.22 229.58 224.30 195.32 200.30 219.45 219.52 238.32 260.68 260.23 58.17 58.81 33.35 355.70 347.07 355.29 355.29 345.60 346.19 5.70 40.40 131.23 152.09 168.80 183.95 176.17 132.55 141.20 154.22 149.21 148.45 162.10 167.45 160.35 157.27 162.56 163.83 161.43 157.58 153.39 152.15 158.36 165.30 161.32 156.72 156.13 58.36 357.95 351.73 346.55 337.89 -9999.00 -9999.00 -9999.00 -9999.00 -9999.00 -9999.00 -9999.00
36.01 358.71 328.64 329.33 72.82 88.98 34.27 356.25 8.06 320.87 218.86 209.36 198.09 208.77 232.49 246.75 239.29 226.42 234.86 268.84 23.23 5.76 350.24 354.11 359.83 355.44 359.43 78.33 128.94 142.54 149.40 158.70 174.74 193.24 190.49 156.44 150.89 164.46 168.31 159.21 157.14 164.03 161.21 154.92 156.21 158.02 155.81 152.86 153.73 153.91 159.54 171.44 117.85 2.58 347.34 341.59 341.11 344.66 344.93 339.89 -9999.00 -9999.00 -9999.00 -9999.00 -9999.00 -9999.00 -9999.00
350.97 359.42 346.95 4.24 80.68 88.94 312.87 313.13 0.48 12.46 11.16 322.70 251.52 243.65 235.94 227.77 209.95 222.54 254.28 274.65 333.88 353.32 357.67 6.86 9.73 42.20 102.41 119.48 126.07 126.97 127.07 130.67 154.79 192.88 198.04 165.80 144.05 154.94 171.37 166.48 152.65 156.73 156.19 150.64 153.21 158.88 158.59 151.68 151.95 103.16 351.26 345.56 350.87 347.21 342.85 331.73 327.98 337.30 -9999.00 -9999.00 -9999.00 -9999.00 -9999.00 -9999.00 -9999.00 -9999.00 -9999.00
351.40 16.91 22.75 69.12 90.85 90.30 266.38 268.33 292.43 355.15 22.00 19.47 350.91 285.86 262.80 279.61 309.11 299.21 267.22 243.23 224.77 196.74 165.98 163.38 164.27 157.40 148.44 145.42 134.79 120.46 115.88 108.38 102.32 156.00 197.59 173.64 145.26 143.66 166.71 172.00 155.71 153.48 155.33 153.54 153.08 158.91 157.81 74.14 343.91 339.17 344.58 342.38 343.81 339.86 342.02 338.39 -9999.00 -9999.00 -9999.00 -9999.00 -9999.00 -9999.00 -9999.00 -9999.00 -9999.00 -9999.00 -9999.00
86.40 130.98 146.21 148.35 124.68 99.49 304.16 269.03 257.52 262.29 11.38 16.93 2.45 355.37 342.25 332.30 338.94 339.92 216.63 210.78 201.22 183.76 173.89 169.84 172.69 172.51 162.15 164.79 164.97 148.69 144.36 149.24 138.72 134.58 173.36 170.27 150.73 146.30 157.78 164.45 151.62 147.66 153.19 153.43 127.30 350.21 345.62 350.51 340.45 336.84 343.34 344.25 343.55 -9999.00 -9999.00 -9999.00 -9999.00 -9999.00 -9999.00 -9999.00 -9999.00 -9999.00 -9999.00 -9999.00 -9999.00 -9999.00 -9999.00
128.92 138.03 144.74 148.55 116.81 24.38 349.63 320.50 250.17 245.52 267.36 327.73 348.78 356.51 352.08 339.21 192.94 150.11 157.19 201.47 193.85 177.12 172.23 167.07 174.85 177.45 163.44 168.61 175.45 157.81 153.21 159.58 157.22 153.18 162.92 161.21 149.91 151.05 157.50 160.62 152.69 143.57 135.75 344.41 349.13 342.92 338.75 340.14 342.61 342.52 345.03 -9999.00 -9999.00 -9999.00 -9999.00 -9999.00 -9999.00 -9999.00 -9999.00 -9999.00 -9999.00 -9999.00 -9999.00 -9999.00 -9999.00 -9999.00 -9999.00
