hydro/data/static_data/land/marche.lon.txt
ncols	643
nrows	534
xllcorner	12.041800
yllcorner	42.520600
cellsize	0.003003
NODATA_value	-9999.000000
[rows 0 to 28 of 534, columns 67 to 133 of 643]
12.2445 12.2475 12.2505 12.2535 12.2565 12.2595 12.2625 12.2655 12.2685 12.2715 12.2745 12.2775 12.2805 12.2835 12.2865 12.2895 12.2926 12.2956 12.2986 12.3016 12.3046 12.3076 12.3106 12.3136 12.3166 12.3196 12.3226 12.3256 12.3286 12.3316 12.3346 12.3376 12.3406 12.3436 12.3466 12.3496 12.3526 12.3556 12.3586 12.3616 12.3646 12.3676 12.3706 12.3736 12.3766 12.3796 12.3826 12.3856 12.3886 12.3916 12.3947 12.3977 12.4007 12.4037 12.4067 12.4097 12.4127 12.4157 12.4187 12.4217 12.4247 12.4277 12.4307 12.4337 12.4367 12.4397 12.4427
12.2445 12.2475 12.2505 12.2535 12.2565 12.2595 12.2625 12.2655 12.2685 12.2715 12.2745 12.2775 12.2805 12.2835 12.2865 12.2895 12.2926 12.2956 12.2986 12.3016 12.3046 12.3076 12.3106 12.3136 12.3166 12.3196 12.3226 12.3256 12.3286 12.3316 12.3346 12.3376 12.3406 12.3436 12.3466 12.3496 12.3526 12.3556 12.3586 12.3616 12.3646 12.3676 12.3706 12.3736 12.3766 12.3796 12.3826 12.3856 12.3886 12.3916 12.3947 12.3977 12.4007 12.4037 12.4067 12.4097 12.4127 12.4157 12.4187 12.4217 12.4247 12.4277 12.4307 12.4337 12.4367 12.4397 12.4427
12.2445 12.2475 12.2505 12.2535 12.2565 12.2595 12.2625 12.2655 12.2685 12.2715 12.2745 12.2775 12.2805 12.2835 12.2865 12.2895 12.2926 12.2956 12.2986 12.3016 12.3046 12.3076 12.3106 12.3136 12.3166 12.3196 12.3226 12.3256 12.3286 12.3316 12.3346 12.3376 12.3406 12.3436 12.3466 12.3496 12.3526 12.3556 12.3586 12.3616 12.3646 12.3676 12.3706 12.3736 12.3766 12.3796 12.3826 12.3856 12.3886 12.3916 12.3947 12.3977 12.4007 12.4037 12.4067 12.4097 12.4127 12.4157 12.4187 12.4217 12.4247 12.4277 12.4307 12.4337 12.4367 12.4397 12.4427
12.2445 12.2475 12.2505 12.2535 12.2565 12.2595 12.2625 12.2655 12.2685 12.2715 12.2745 12.2775 12.2805 12.2835 12.2865 12.2895 12.2926 12.2956 12.2986 12.3016 12.3046 12.3076 12.3106 12.3136 12.3166 12.3196 12.3226 12.3256 12.3286 12.3316 12.3346 12.3376 12.3406 12.3436 12.3466 12.3496 12.3526 12.3556 12.3586 12.3616 12.3646 12.3676 12.3706 12.3736 12.3766 12.3796 12.3826 12.3856 12.3886 12.3916 12.3947 12.3977 12.4007 12.4037 12.4067 12.4097 12.4127 12.4157 12.4187 12.4217 12.4247 12.4277 12.4307 12.4337 12.4367 12.4397 12.4427
12.2445 12.2475 12.2505 12.2535 12.2565 12.2595 12.2625 12.2655 12.2685 12.2715 12.2745 12.2775 12.2805 12.2835 12.2865 12.2895 12.2926 12.2956 12.2986 12.3016 12.3046 12.3076 12.3106 12.3136 12.3166 12.3196 12.3226 12.3256 12.3286 12.3316 12.3346 12.3376 12.3406 12.3436 12.3466 12.3496 12.3526 12.3556 12.3586 12.3616 12.3646 12.3676 12.3706 12.3736 12.3766 12.3796 12.3826 12.3856 12.3886 12.3916 12.3947 12.3977 12.4007 12.4037 12.4067 12.4097 12.4127 12.4157 12.4187 12.4217 12.4247 12.4277 12.4307 12.4337 12.4367 12.4397 12.4427
12.2445 12.2475 12.2505 12.2535 12.2565 12.2595 12.2625 12.2655 12.2685 12.2715 12.2745 12.2775 12.2805 12.2835 12.2865 12.2895 12.2926 12.2956 12.2986 12.3016 12.3046 12.3076 12.3106 12.3136 12.3166 12.3196 12.3226 12.3256 12.3286 12.3316 12.3346 12.3376 12.3406 12.3436 12.3466 12.3496 12.3526 12.3556 12.3586 12.3616 12.3646 12.3676 12.3706 12.3736 12.3766 12.3796 12.3826 12.3856 12.3886 12.3916 12.3947 12.3977 12.4007 12.4037 12.4067 12.4097 12.4127 12.4157 12.4187 12.4217 12.4247 12.4277 12.4307 12.4337 12.4367 12.4397 12.4427
12.2445 12.2475 12.2505 12.2535 12.2565 12.2595 12.2625 12.2655 12.2685 12.2715 12.2745 12.2775 12.2805 12.2835 12.2865 12.2895 12.2926 12.2956 12.2986 12.3016 12.3046 12.3076 12.3106 12.3136 12.3166 12.3196 12.3226 12.3256 12.3286 12.3316 12.3346 12.3376 12.3406 12.3436 12.3466 12.3496 12.3526 12.3556 12.3586 12.3616 12.3646 12.3676 12.3706 12.3736 12.3766 12.3796 12.3826 12.3856 12.3886 12.3916 12.3947 12.3977 12.4007 12.4037 12.4067 12.4097 12.4127 12.4157 12.4187 12.4217 12.4247 12.4277 12.4307 12.4337 12.4367 12.4397 12.4427
12.2445 12.2475 12.2505 12.2535 12.2565 12.2595 12.2625 12.2655 12.2685 12.2715 12.2745 12.2775 12.2805 12.2835 12.2865 12.2895 12.2926 12.2956 12.2986 12.3016 12.3046 12.3076 12.3106 12.3136 12.3166 12.3196 12.3226 12.3256 12.3286 12.3316 12.3346 12.3376 12.3406 12.3436 12.3466 12.3496 12.3526 12.3556 12.3586 12.3616 12.3646 12.3676 12.3706 12.3736 12.3766 12.3796 12.3826 12.3856 12.3886 12.3916 12.3947 12.3977 12.4007 12.4037 12.4067 12.4097 12.4127 12.4157 12.4187 12.4217 12.4247 12.4277 12.4307 12.4337 12.4367 12.4397 12.4427
12.2445 12.2475 12.2505 12.2535 12.2565 12.2595 12.2625 12.2655 12.2685 12.2715 12.2745 12.2775 12.2805 12.2835 12.2865 12.2895 12.2926 12.2956 12.2986 12.3016 12.3046 12.3076 12.3106 12.3136 12.3166 12.3196 12.3226 12.3256 12.3286 12.3316 12.3346 12.3376 12.3406 12.3436 12.3466 12.3496 12.3526 12.3556 12.3586 12.3616 12.3646 12.3676 12.3706 12.3736 12.3766 12.3796 12.3826 12.3856 12.3886 12.3916 12.3947 12.3977 12.4007 12.4037 12.4067 12.4097 12.4127 12.4157 12.4187 12.4217 12.4247 12.4277 12.4307 12.4337 12.4367 12.4397 12.4427
12.2445 12.2475 12.2505 12.2535 12.2565 12.2595 12.2625 12.2655 12.2685 12.2715 12.2745 12.2775 12.2805 12.2835 12.2865 12.2895 12.2926 12.2956 12.2986 12.3016 12.3046 12.3076 12.3106 12.3136 12.3166 12.3196 12.3226 12.3256 12.3286 12.3316 12.3346 12.3376 12.3406 12.3436 12.3466 12.3496 12.3526 12.3556 12.3586 12.3616 12.3646 12.3676 12.3706 12.3736 12.3766 12.3796 12.3826 12.3856 12.3886 12.3916 12.3947 12.3977 12.4007 12.4037 12.4067 12.4097 12.4127 12.4157 12.4187 12.4217 12.4247 12.4277 12.4307 12.4337 12.4367 12.4397 12.4427
12.2445 12.2475 12.2505 12.2535 12.2565 12.2595 12.2625 12.2655 12.2685 12.2715 12.2745 12.2775 12.2805 12.2835 12.2865 12.2895 12.2926 12.2956 12.2986 12.3016 12.3046 12.3076 12.3106 12.3136 12.3166 12.3196 12.3226 12.3256 12.3286 12.3316 12.3346 12.3376 12.3406 12.3436 12.3466 12.3496 12.3526 12.3556 12.3586 12.3616 12.3646 12.3676 12.3706 12.3736 12.3766 12.3796 12.3826 12.3856 12.3886 12.3916 12.3947 12.3977 12.4007 12.4037 12.4067 12.4097 12.4127 12.4157 12.4187 12.4217 12.4247 12.4277 12.4307 12.4337 12.4367 12.4397 12.4427
12.2445 12.2475 12.2505 12.2535 12.2565 12.2595 12.2625 12.2655 12.2685 12.2715 12.2745 12.2775 12.2805 12.2835 12.2865 12.2895 12.2926 12.2956 12.2986 12.3016 12.3046 12.3076 12.3106 12.3136 12.3166 12.3196 12.3226 12.3256 12.3286 12.3316 12.3346 12.3376 12.3406 12.3436 12.3466 12.3496 12.3526 12.3556 12.3586 12.3616 12.3646 12.3676 12.3706 12.3736 12.3766 12.3796 12.3826 12.3856 12.3886 12.3916 12.3947 12.3977 12.4007 12.4037 12.4067 12.4097 12.4127 12.4157 12.4187 12.4217 12.4247 12.4277 12.4307 12.4337 12.4367 12.4397 12.4427
12.2445 12.2475 12.2505 12.2535 12.2565 12.2595 12.2625 12.2655 12.2685 12.2715 12.2745 12.2775 12.2805 12.2835 12.2865 12.2895 12.2926 12.2956 12.2986 12.3016 12.3046 12.3076 12.3106 12.3136 12.3166 12.3196 12.3226 12.3256 12.3286 12.3316 12.3346 12.3376 12.3406 12.3436 12.3466 12.3496 12.3526 12.3556 12.3586 12.3616 12.3646 12.3676 12.3706 12.3736 12.3766 12.3796 12.3826 12.3856 12.3886 12.3916 12.3947 12.3977 12.4007 12.4037 12.4067 12.4097 12.4127 12.4157 12.4187 12.4217 12.4247 12.4277 12.4307 12.4337 12.4367 12.4397 12.4427
12.2445 12.2475 12.2505 12.2535 12.2565 12.2595 12.2625 12.2655 12.2685 12.2715 12.2745 12.2775 12.2805 12.2835 12.2865 12.2895 12.2926 12.2956 12.2986 12.3016 12.3046 12.3076 12.3106 12.3136 12.3166 12.3196 12.3226 12.3256 12.3286 12.3316 12.3346 12.3376 12.3406 12.3436 12.3466 12.3496 12.3526 12.3556 12.3586 12.3616 12.3646 12.3676 12.3706 12.3736 12.3766 12.3796 12.3826 12.3856 12.3886 12.3916 12.3947 12.3977 12.4007 12.4037 12.4067 12.4097 12.4127 12.4157 12.4187 12.4217 12.4247 12.4277 12.4307 12.4337 12.4367 12.4397 12.4427
12.2445 12.2475 12.2505 12.2535 12.2565 12.2595 12.2625 12.2655 12.2685 12.2715 12.2745 12.2775 12.2805 12.2835 12.2865 12.2895 12.2926 12.2956 12.2986 12.3016 12.3046 12.3076 12.3106 12.3136 12.3166 12.3196 12.3226 12.3256 12.3286 12.3316 12.3346 12.3376 12.3406 12.3436 12.3466 12.3496 12.3526 12.3556 12.3586 12.3616 12.3646 12.3676 12.3706 12.3736 12.3766 12.3796 12.3826 12.3856 12.3886 12.3916 12.3947 12.3977 12.4007 12.4037 12.4067 12.4097 12.4127 12.4157 12.4187 12.4217 12.4247 12.4277 12.4307 12.4337 12.4367 12.4397 12.4427
12.2445 12.2475 12.2505 12.2535 12.2565 12.2595 12.2625 12.2655 12.2685 12.2715 12.2745 12.2775 12.2805 12.2835 12.2865 12.2895 12.2926 12.2956 12.2986 12.3016 12.3046 12.3076 12.3106 12.3136 12.3166 12.3196 12.3226 12.3256 12.3286 12.3316 12.3346 12.3376 12.3406 12.3436 12.3466 12.3496 12.3526 12.3556 12.3586 12.3616 12.3646 12.3676 12.3706 12.3736 12.3766 12.3796 12.3826 12.3856 12.3886 12.3916 12.3947 12.3977 12.4007 12.4037 12.4067 12.4097 12.4127 12.4157 12.4187 12.4217 12.4247 12.4277 12.4307 12.4337 12.4367 12.4397 12.4427
12.2445 12.2475 12.2505 12.2535 12.2565 12.2595 12.2625 12.2655 12.2685 12.2715 12.2745 12.2775 12.2805 12.2835 12.2865 12.2895 12.2926 12.2956 12.2986 12.3016 12.3046 12.3076 12.3106 12.3136 12.3166 12.3196 12.3226 12.3256 12.3286 12.3316 12.3346 12.3376 12.3406 12.3436 12.3466 12.3496 12.3526 12.3556 12.3586 12.3616 12.3646 12.3676 12.3706 12.3736 12.3766 12.3796 12.3826 12.3856 12.3886 12.3916 12.3947 12.3977 12.4007 12.4037 12.4067 12.4097 12.4127 12.4157 12.4187 12.4217 12.4247 12.4277 12.4307 12.4337 12.4367 12.4397 12.4427
12.2445 12.2475 12.2505 12.2535 12.2565 12.2595 12.2625 12.2655 12.2685 12.2715 12.2745 12.2775 12.2805 12.2835 12.2865 12.2895 12.2926 12.2956 12.2986 12.3016 12.3046 12.3076 12.3106 12.3136 12.3166 12.3196 12.3226 12.3256 12.3286 12.3316 12.3346 12.3376 12.3406 12.3436 12.3466 12.3496 12.3526 12.3556 12.3586 12.3616 12.3646 12.3676 12.3706 12.3736 12.3766 12.3796 12.3826 12.3856 12.3886 12.3916 12.3947 12.3977 12.4007 12.4037 12.4067 12.4097 12.4127 12.4157 12.4187 12.4217 12.4247 12.4277 12.4307 12.4337 12.4367 12.4397 12.4427
12.2445 12.2475 12.2505 12.2535 12.2565 12.2595 12.2625 12.2655 12.2685 12.2715 12.2745 12.2775 12.2805 12.2835 12.2865 12.2895 12.2926 12.2956 12.2986 12.3016 12.3046 12.3076 12.3106 12.3136 12.3166 12.3196 12.3226 12.3256 12.3286 12.3316 12.3346 12.3376 12.3406 12.3436 12.3466 12.3496 12.3526 12.3556 12.3586 12.3616 12.3646 12.3676 12.3706 12.3736 12.3766 12.3796 12.3826 12.3856 12.3886 12.3916 12.3947 12.3977 12.4007 12.4037 12.4067 12.4097 12.4127 12.4157 12.4187 12.4217 12.4247 12.4277 12.4307 12.4337 12.4367 12.4397 12.4427
12.2445 12.2475 12.2505 12.2535 12.2565 12.2595 12.2625 12.2655 12.2685 12.2715 12.2745 12.2775 12.2805 12.2835 12.2865 12.2895 12.2926 12.2956 12.2986 12.3016 12.3046 12.3076 12.3106 12.3136 12.3166 12.3196 12.3226 12.3256 12.3286 12.3316 12.3346 12.3376 12.3406 12.3436 12.3466 12.3496 12.3526 12.3556 12.3586 12.3616 12.3646 12.3676 12.3706 12.3736 12.3766 12.3796 12.3826 12.3856 12.3886 12.3916 12.3947 12.3977 12.4007 12.4037 12.4067 12.4097 12.4127 12.4157 12.4187 12.4217 12.4247 12.4277 12.4307 12.4337 12.4367 12.4397 12.4427
12.2445 12.2475 12.2505 12.2535 12.2565 12.2595 12.2625 12.2655 12.2685 12.2715 12.2745 12.2775 12.2805 12.2835 12.2865 12.2895 12.2926 12.2956 12.2986 12.3016 12.3046 12.3076 12.3106 12.3136 12.3166 12.3196 12.3226 12.3256 12.3286 12.3316 12.3346 12.3376 12.3406 12.3436 12.3466 12.3496 12.3526 12.3556 12.3586 12.3616 12.3646 12.3676 12.3706 12.3736 12.3766 12.3796 12.3826 12.3856 12.3886 12.3916 12.3947 12.3977 12.4007 12.4037 12.4067 12.4097 12.4127 12.4157 12.4187 12.4217 12.4247 12.4277 12.4307 12.4337 12.4367 12.4397 12.4427
12.2445 12.2475 12.2505 12.2535 12.2565 12.2595 12.2625 12.2655 12.2685 12.2715 12.2745 12.2775 12.2805 12.2835 12.2865 12.2895 12.2926 12.2956 12.2986 12.3016 12.3046 12.3076 12.3106 12.3136 12.3166 12.3196 12.3226 12.3256 12.3286 12.3316 12.3346 12.3376 12.3406 12.3436 12.3466 12.3496 12.3526 12.3556 12.3586 12.3616 12.3646 12.3676 12.3706 12.3736 12.3766 12.3796 12.3826 12.3856 12.3886 12.3916 12.3947 12.3977 12.4007 12.4037 12.4067 12.4097 12.4127 12.4157 12.4187 12.4217 12.4247 12.4277 12.4307 12.4337 12.4367 12.4397 12.4427
12.2445 12.2475 12.2505 12.2535 12.2565 12.2595 12.2625 12.2655 12.2685 12.2715 12.2745 12.2775 12.2805 12.2835 12.2865 12.2895 12.2926 12.2956 12.2986 12.3016 12.3046 12.3076 12.3106 12.3136 12.3166 12.3196 12.3226 12.3256 12.3286 12.3316 12.3346 12.3376 12.3406 12.3436 12.3466 12.3496 12.3526 12.3556 12.3586 12.3616 12.3646 12.3676 12.3706 12.3736 12.3766 12.3796 12.3826 12.3856 12.3886 12.3916 12.3947 12.3977 12.4007 12.4037 12.4067 12.4097 12.4127 12.4157 12.4187 12.4217 12.4247 12.4277 12.4307 12.4337 12.4367 12.4397 12.4427
12.2445 12.2475 12.2505 12.2535 12.2565 12.2595 12.2625 12.2655 12.2685 12.2715 12.2745 12.2775 12.2805 12.2835 12.2865 12.2895 12.2926 12.2956 12.2986 12.3016 12.3046 12.3076 12.3106 12.3136 12.3166 12.3196 12.3226 12.3256 12.3286 12.3316 12.3346 12.3376 12.3406 12.3436 12.3466 12.3496 12.3526 12.3556 12.3586 12.3616 12.3646 12.3676 12.3706 12.3736 12.3766 12.3796 12.3826 12.3856 12.3886 12.3916 12.3947 12.3977 12.4007 12.4037 12.4067 12.4097 12.4127 12.4157 12.4187 12.4217 12.4247 12.4277 12.4307 12.4337 12.4367 12.4397 12.4427
12.2445 12.2475 12.2505 12.2535 12.2565 12.2595 12.2625 12.2655 12.2685 12.2715 12.2745 12.2775 12.2805 12.2835 12.2865 12.2895 12.2926 12.2956 12.2986 12.3016 12.3046 12.3076 12.3106 12.3136 12.3166 12.3196 12.3226 12.3256 12.3286 12.3316 12.3346 12.3376 12.3406 12.3436 12.3466 12.3496 12.3526 12.3556 12.3586 12.3616 12.3646 12.3676 12.3706 12.3736 12.3766 12.3796 12.3826 12.3856 12.3886 12.3916 12.3947 12.3977 12.4007 12.4037 12.4067 12.4097 12.4127 12.4157 12.4187 12.4217 12.4247 12.4277 12.4307 12.4337 12.4367 12.4397 12.4427
12.2445 12.2475 12.2505 12.2535 12.2565 12.2595 12.2625 12.2655 12.2685 12.2715 12.2745 12.2775 12.2805 12.2835 12.2865 12.2895 12.2926 12.2956 12.2986 12.3016 12.3046 12.3076 12.3106 12.3136 12.3166 12.3196 12.3226 12.3256 12.3286 12.3316 12.3346 12.3376 12.3406 12.3436 12.3466 12.3496 12.3526 12.3556 12.3586 12.3616 12.3646 12.3676 12.3706 12.3736 12.3766 12.3796 12.3826 12.3856 12.3886 12.3916 12.3947 12.3977 12.4007 12.4037 12.4067 12.4097 12.4127 12.4157 12.4187 12.4217 12.4247 12.4277 12.4307 12.4337 12.4367 12.4397 12.4427
12.2445 12.2475 12.2505 12.2535 12.2565 12.2595 12.2625 12.2655 12.2685 12.2715 12.2745 12.2775 12.2805 12.2835 12.2865 12.2895 12.2926 12.2956 12.2986 12.3016 12.3046 12.3076 12.3106 12.3136 12.3166 12.3196 12.3226 12.3256 12.3286 12.3316 12.3346 12.3376 12.3406 12.3436 12.3466 12.3496 12.3526 12.3556 12.3586 12.3616 12.3646 12.3676 12.3706 12.3736 12.3766 12.3796 12.3826 12.3856 12.3886 12.3916 12.3947 12.3977 12.4007 12.4037 12.4067 12.4097 12.4127 12.4157 12.4187 12.4217 12.4247 12.4277 12.4307 12.4337 12.4367 12.4397 12.4427
12.2445 12.2475 12.2505 12.2535 12.2565 12.2595 12.2625 12.2655 12.2685 12.2715 12.2745 12.2775 12.2805 12.2835 12.2865 12.2895 12.2926 12.2956 12.2986 12.3016 12.3046 12.3076 12.3106 12.3136 12.3166 12.3196 12.3226 12.3256 12.3286 12.3316 12.3346 12.3376 12.3406 12.3436 12.3466 12.3496 12.3526 12.3556 12.3586 12.3616 12.3646 12.3676 12.3706 12.3736 12.3766 12.3796 12.3826 12.3856 12.3886 12.3916 12.3947 12.3977 12.4007 12.4037 12.4067 12.4097 12.4127 12.4157 12.4187 12.4217 12.4247 12.4277 12.4307 12.4337 12.4367 12.4397 12.4427
12.2445 12.2475 12.2505 12.2535 12.2565 12.2595 12.2625 12.2655 12.2685 12.2715 12.2745 12.2775 12.2805 12.2835 12.2865 12.2895 12.2926 12.2956 12.2986 12.3016 12.3046 12.3076 12.3106 12.3136 12.3166 12.3196 12.3226 12.3256 12.3286 12.3316 12.3346 12.3376 12.3406 12.3436 12.3466 12.3496 12.3526 12.3556 12.3586 12.3616 12.3646 12.3676 12.3706 12.3736 12.3766 12.3796 12.3826 12.3856 12.3886 12.3916 12.3947 12.3977 12.4007 12.4037 12.4067 12.4097 12.4127 12.4157 12.4187 12.4217 12.4247 12.4277 12.4307 12.4337 12.4367 12.4397 12.4427
