hydro/data/static_data/land/marche.dem.txt
ncols   643
nrows   534
xllcorner    12.0418
yllcorner    42.5206
cellsize    0.003003
NODATA_value -9999
[rows 124 to 154 of 534, columns 350 to 419 of 643]
173.7 171.7 158.6 141.1 118.0 114.7 116.1 108.3 107.3 105.1 -9999.0 -9999.0 -9999.0 -9999.0 -9999.0 -9999.0 -9999.0 73.6 72.6 72.5 -9999.0 -9999.0 -9999.0 -9999.0 -9999.0 -9999.0 -9999.0 -9999.0 -9999.0 -9999.0 -9999.0 -9999.0 -9999.0 -9999.0 -9999.0 -9999.0 -9999.0 -9999.0 -9999.0 -9999.0 -9999.0 -9999.0 -9999.0 -9999.0 -9999.0 -9999.0 -9999.0 -9999.0 -9999.0 -9999.0 -9999.0 -9999.0 -9999.0 -9999.0 -9999.0 -9999.0 -9999.0 -9999.0 -9999.0 -9999.0 -9999.0 -9999.0 -9999.0 -9999.0 -9999.0 -9999.0 -9999.0 -9999.0 -9999.0 -9999.0
139.8 155.6 148.3 138.2 126.4 117.1 111.1 104.6 100.7 100.6 96.7 -9999.0 -9999.0 -9999.0 80.8 78.3 77.0 75.0 74.6 72.5 66.5 51.7 -9999.0 -9999.0 23.6 -9999.0 -9999.0 -9999.0 -9999.0 -9999.0 -9999.0 -9999.0 -9999.0 -9999.0 -9999.0 -9999.0 -9999.0 -9999.0 -9999.0 -9999.0 -9999.0 -9999.0 -9999.0 -9999.0 -9999.0 -9999.0 -9999.0 -9999.0 -9999.0 -9999.0 -9999.0 -9999.0 -9999.0 -9999.0 -9999.0 -9999.0 -9999.0 -9999.0 -9999.0 -9999.0 -9999.0 -9999.0 -9999.0 -9999.0 -9999.0 -9999.0 -9999.0 -9999.0 -9999.0 -9999.0
116.8 128.8 133.5 127.0 119.4 113.3 107.7 104.1 99.0 93.8 90.8 88.4 85.3 84.0 81.2 69.8 71.3 73.2 60.9 45.7 27.3 22.2 23.6 20.7 -9999.0 -9999.0 -9999.0 -9999.0 -9999.0 -9999.0 -9999.0 -9999.0 -9999.0 -9999.0 -9999.0 -9999.0 -9999.0 -9999.0 -9999.0 -9999.0 -9999.0 -9999.0 -9999.0 -9999.0 -9999.0 -9999.0 -9999.0 -9999.0 -9999.0 -9999.0 -9999.0 -9999.0 -9999.0 -9999.0 -9999.0 -9999.0 -9999.0 -9999.0 -9999.0 -9999.0 -9999.0 -9999.0 -9999.0 -9999.0 -9999.0 -9999.0 -9999.0 -9999.0 -9999.0 -9999.0
121.1 112.0 117.9 122.8 116.8 110.7 103.3 96.1 93.4 91.3 88.6 87.4 85.4 82.0 58.9 32.9 33.1 37.7 25.7 23.0 34.9 61.0 73.9 62.7 -9999.0 -9999.0 -9999.0 -9999.0 -9999.0 -9999.0 -9999.0 -9999.0 -9999.0 -9999.0 -9999.0 -9999.0 -9999.0 -9999.0 -9999.0 -9999.0 -9999.0 -9999.0 -9999.0 -9999.0 -9999.0 -9999.0 -9999.0 -9999.0 -9999.0 -9999.0 -9999.0 -9999.0 -9999.0 -9999.0 -9999.0 -9999.0 -9999.0 -9999.0 -9999.0 -9999.0 -9999.0 -9999.0 -9999.0 -9999.0 -9999.0 -9999.0 -9999.0 -9999.0 -9999.0 -9999.0
124.7 113.4 105.8 112.3 111.8 109.3 97.5 91.7 91.0 89.2 86.6 85.2 83.1 73.0 39.5 34.0 35.4 35.9 45.9 61.1 83.5 113.9 121.2 104.4 -9999.0 -9999.0 -9999.0 -9999.0 -9999.0 -9999.0 -9999.0 -9999.0 -9999.0 -9999.0 -9999.0 -9999.0 -9999.0 -9999.0 -9999.0 -9999.0 -9999.0 -9999.0 -9999.0 -9999.0 -9999.0 -9999.0 -9999.0 -9999.0 -9999.0 -9999.0 -9999.0 -9999.0 -9999.0 -9999.0 -9999.0 -9999.0 -9999.0 -9999.0 -9999.0 -9999.0 -9999.0 -9999.0 -9999.0 -9999.0 -9999.0 -9999.0 -9999.0 -9999.0 -9999.0 -9999.0
118.3 111.2 104.4 102.8 101.4 99.4 94.7 92.2 91.0 87.5 83.1 80.1 65.6 47.2 34.5 61.4 100.2 109.9 102.7 91.0 102.8 117.5 134.8 -9999.0 -9999.0 -9999.0 -9999.0 -9999.0 -9999.0 -9999.0 -9999.0 -9999.0 -9999.0 -9999.0 -9999.0 -9999.0 -9999.0 -9999.0 -9999.0 -9999.0 -9999.0 -9999.0 -9999.0 -9999.0 -9999.0 -9999.0 -9999.0 -9999.0 -9999.0 -9999.0 -9999.0 -9999.0 -9999.0 -9999.0 -9999.0 -9999.0 -9999.0 -9999.0 -9999.0 -9999.0 -9999.0 -9999.0 -9999.0 -9999.0 -9999.0 -9999.0 -9999.0 -9999.0 -9999.0 -9999.0
106.3 99.2 94.9 98.6 98.8 96.2 92.2 76.1 64.1 56.9 46.2 42.5 37.2 38.9 50.3 89.8 139.0 155.8 114.4 110.1 121.7 127.6 146.7 -9999.0 -9999.0 -9999.0 -9999.0 -9999.0 -9999.0 -9999.0 -9999.0 -9999.0 -9999.0 -9999.0 -9999.0 -9999.0 -9999.0 -9999.0 -9999.0 -9999.0 -9999.0 -9999.0 -9999.0 -9999.0 -9999.0 -9999.0 -9999.0 -9999.0 -9999.0 -9999.0 -9999.0 -9999.0 -9999.0 -9999.0 -9999.0 -9999.0 -9999.0 -9999.0 -9999.0 -9999.0 -9999.0 -9999.0 -9999.0 -9999.0 -9999.0 -9999.0 -9999.0 -9999.0 -9999.0 -9999.0
57.9 55.4 55.4 73.6 90.0 86.4 70.1 43.2 39.2 47.0 52.7 61.9 66.0 77.9 88.6 105.6 133.9 143.4 110.3 132.4 156.9 160.1 -9999.0 -9999.0 -9999.0 -9999.0 -9999.0 -9999.0 -9999.0 -9999.0 -9999.0 -9999.0 -9999.0 -9999.0 -9999.0 -9999.0 -9999.0 -9999.0 -9999.0 -9999.0 -9999.0 -9999.0 -9999.0 -9999.0 -9999.0 -9999.0 -9999.0 -9999.0 -9999.0 -9999.0 -9999.0 -9999.0 -9999.0 -9999.0 -9999.0 -9999.0 -9999.0 -9999.0 -9999.0 -9999.0 -9999.0 -9999.0 -9999.0 -9999.0 -9999.0 -9999.0 -9999.0 -9999.0 -9999.0 -9999.0
77.6 77.3 57.4 50.7 56.6 54.6 48.9 41.9 58.9 79.3 84.9 89.8 105.2 134.9 152.9 156.2 152.3 133.4 126.9 136.0 144.3 159.8 -9999.0 -9999.0 -9999.0 -9999.0 -9999.0 -9999.0 -9999.0 -9999.0 -9999.0 -9999.0 -9999.0 -9999.0 -9999.0 -9999.0 -9999.0 -9999.0 -9999.0 -9999.0 -9999.0 -9999.0 -9999.0 -9999.0 -9999.0 -9999.0 -9999.0 -9999.0 -9999.0 -9999.0 -9999.0 -9999.0 -9999.0 -9999.0 -9999.0 -9999.0 -9999.0 -9999.0 -9999.0 -9999.0 -9999.0 -9999.0 -9999.0 -9999.0 -9999.0 -9999.0 -9999.0 -9999.0 -9999.0 -9999.0
104.7 101.1 90.9 65.9 50.0 46.5 43.5 53.1 86.9 90.8 95.1 114.4 147.5 180.8 186.8 185.5 181.2 150.1 137.3 156.2 164.1 166.3 178.2 -9999.0 -9999.0 -9999.0 -9999.0 -9999.0 -9999.0 -9999.0 -9999.0 -9999.0 -9999.0 -9999.0 -9999.0 -9999.0 -9999.0 -9999.0 -9999.0 -9999.0 -9999.0 -9999.0 -9999.0 -9999.0 -9999.0 -9999.0 -9999.0 -9999.0 -9999.0 -9999.0 -9999.0 -9999.0 -9999.0 -9999.0 -9999.0 -9999.0 -9999.0 -9999.0 -9999.0 -9999.0 -9999.0 -9999.0 -9999.0 -9999.0 -9999.0 -9999.0 -9999.0 -9999.0 -9999.0 -9999.0
105.3 102.9 99.8 77.2 48.3 59.4 77.1 81.8 94.5 99.9 124.1 157.4 177.1 171.2 154.4 173.0 193.5 180.5 163.8 160.0 172.0 179.4 183.8 199.0 -9999.0 -9999.0 -9999.0 -9999.0 -9999.0 -9999.0 -9999.0 -9999.0 -9999.0 -9999.0 -9999.0 -9999.0 -9999.0 -9999.0 -9999.0 -9999.0 -9999.0 -9999.0 -9999.0 -9999.0 -9999.0 -9999.0 -9999.0 -9999.0 -9999.0 -9999.0 -9999.0 -9999.0 -9999.0 -9999.0 -9999.0 -9999.0 -9999.0 -9999.0 -9999.0 -9999.0 -9999.0 -9999.0 -9999.0 -9999.0 -9999.0 -9999.0 -9999.0 -9999.0 -9999.0 -9999.0
104.6 96.2 74.7 50.5 54.3 88.4 107.2 117.6 105.9 105.2 130.2 147.4 146.0 137.2 136.9 159.4 168.9 167.5 179.9 193.6 188.0 165.1 167.7 181.5 -9999.0 -9999.0 -9999.0 -9999.0 -9999.0 -9999.0 -9999.0 -9999.0 -9999.0 -9999.0 -9999.0 -9999.0 -9999.0 -9999.0 -9999.0 -9999.0 23.5 -9999.0 -9999.0 -9999.0 -9999.0 -9999.0 -9999.0 -9999.0 -9999.0 -9999.0 -9999.0 -9999.0 -9999.0 -9999.0 -9999.0 -9999.0 -9999.0 -9999.0 -9999.0 -9999.0 -9999.0 -9999.0 -9999.0 -9999.0 -9999.0 -9999.0 -9999.0 -9999.0 -9999.0 -9999.0
87.3 61.9 50.3 58.7 93.0 137.7 165.3 153.6 118.7 103.7 110.8 115.0 115.4 116.7 124.1 133.0 143.6 166.6 188.5 193.3 185.5 149.0 149.4 167.2 -9999.0 -9999.0 -9999.0 -9999.0 -9999.0 -9999.0 -9999.0 125.3 128.7 -9999.0 113.7 99.6 88.3 75.5 38.1 17.9 32.8 -9999.0 -9999.0 -9999.0 -9999.0 -9999.0 -9999.0 -9999.0 -9999.0 -9999.0 -9999.0 -9999.0 -9999.0 -9999.0 -9999.0 -9999.0 -9999.0 -9999.0 -9999.0 -9999.0 -9999.0 -9999.0 -9999.0 -9999.0 -9999.0 -9999.0 -9999.0 -9999.0 -9999.0 -9999.0
55.2 56.5 74.7 101.6 131.1 173.8 182.9 144.8 115.6 113.0 127.6 130.2 139.6 136.7 129.7 147.8 171.9 195.3 186.5 156.8 149.0 127.5 141.9 163.1 -9999.0 -9999.0 -9999.0 -9999.0 -9999.0 156.5 128.7 106.0 105.3 112.6 100.8 87.9 76.0 36.1 19.9 32.4 57.2 -9999.0 -9999.0 -9999.0 -9999.0 -9999.0 -9999.0 -9999.0 -9999.0 -9999.0 -9999.0 -9999.0 -9999.0 -9999.0 -9999.0 -9999.0 -9999.0 -9999.0 -9999.0 -9999.0 -9999.0 -9999.0 -9999.0 -9999.0 -9999.0 -9999.0 -9999.0 -9999.0 -9999.0 -9999.0
89.3 98.7 110.2 120.1 141.2 175.0 182.2 147.1 117.5 127.8 159.5 174.7 186.9 181.5 163.2 167.9 195.9 187.1 165.5 132.2 117.0 124.5 154.1 163.3 159.4 158.4 150.4 159.1 157.1 145.0 133.0 109.7 93.5 90.4 85.4 66.4 41.1 18.7 34.2 54.8 58.9 65.7 -9999.0 -9999.0 -9999.0 -9999.0 -9999.0 -9999.0 -9999.0 -9999.0 -9999.0 -9999.0 -9999.0 -9999.0 -9999.0 -9999.0 -9999.0 -9999.0 -9999.0 -9999.0 -9999.0 -9999.0 -9999.0 -9999.0 -9999.0 -9999.0 -9999.0 -9999.0 -9999.0 -9999.0
110.5 117.4 146.6 157.8 152.6 176.2 195.9 161.7 124.3 126.5 148.1 172.6 203.1 220.4 211.1 197.4 183.4 156.0 139.8 130.2 110.9 139.8 164.3 146.6 136.6 143.2 131.7 149.5 128.7 125.0 123.8 107.6 92.4 83.7 68.4 30.3 23.9 33.9 62.3 64.7 65.2 67.2 -9999.0 -9999.0 -9999.0 -9999.0 -9999.0 -9999.0 -9999.0 -9999.0 -9999.0 -9999.0 -9999.0 -9999.0 -9999.0 -9999.0 -9999.0 -9999.0 -9999.0 -9999.0 -9999.0 -9999.0 -9999.0 -9999.0 -9999.0 -9999.0 -9999.0 -9999.0 -9999.0 -9999.0
132.0 126.5 154.5 181.7 191.6 204.5 195.4 158.8 130.3 134.1 160.1 190.1 211.6 204.2 204.6 203.1 169.3 136.0 116.3 110.9 106.4 134.7 141.3 116.6 123.6 140.6 121.9 137.7 131.0 106.6 106.7 97.1 83.0 73.7 46.1 23.2 48.3 64.7 69.8 71.5 69.1 69.0 -9999.0 -9999.0 -9999.0 -9999.0 -9999.0 -9999.0 -9999.0 -9999.0 -9999.0 -9999.0 -9999.0 -9999.0 -9999.0 -9999.0 -9999.0 -9999.0 -9999.0 -9999.0 -9999.0 -9999.0 -9999.0 -9999.0 -9999.0 -9999.0 -9999.0 -9999.0 -9999.0 -9999.0
156.8 134.2 144.5 166.5 191.1 216.0 193.5 154.1 160.9 170.8 188.1 208.8 198.1 170.1 179.7 197.7 191.2 161.1 131.0 107.2 100.8 112.3 107.1 110.1 133.5 145.4 125.0 108.8 123.2 109.1 92.4 84.7 69.6 35.2 24.4 32.1 68.2 79.0 91.3 102.6 90.9 74.6 76.5 83.1 91.4 -9999.0 -9999.0 -9999.0 -9999.0 -9999.0 -9999.0 -9999.0 -9999.0 -9999.0 -9999.0 -9999.0 -9999.0 -9999.0 -9999.0 -9999.0 -9999.0 -9999.0 -9999.0 -9999.0 -9999.0 -9999.0 -9999.0 -9999.0 -9999.0 -9999.0
170.0 146.6 165.2 190.4 218.6 238.9 222.1 198.3 212.3 222.3 212.3 213.3 191.7 152.3 153.3 175.1 194.0 192.5 168.4 139.1 117.4 102.7 96.5 100.8 111.1 124.9 122.9 99.1 105.9 99.7 90.1 76.6 35.2 25.7 41.7 58.6 78.1 106.2 127.4 116.7 93.7 78.2 86.1 101.8 102.6 116.3 -9999.0 -9999.0 -9999.0 -9999.0 -9999.0 -9999.0 -9999.0 -9999.0 -9999.0 -9999.0 -9999.0 -9999.0 -9999.0 -9999.0 -9999.0 -9999.0 -9999.0 -9999.0 -9999.0 -9999.0 -9999.0 -9999.0 -9999.0 -9999.0
195.1 171.3 187.1 226.8 254.6 240.6 233.0 246.3 235.4 205.5 177.8 180.0 182.8 142.0 139.7 163.8 186.1 197.2 183.7 179.8 166.2 141.1 118.5 101.1 93.7 95.5 103.6 91.3 92.7 81.4 70.0 60.9 28.6 40.7 72.4 76.5 88.0 112.3 144.1 133.4 104.8 85.4 87.4 101.1 115.0 134.7 -9999.0 -9999.0 -9999.0 -9999.0 -9999.0 -9999.0 -9999.0 -9999.0 -9999.0 -9999.0 -9999.0 -9999.0 -9999.0 -9999.0 -9999.0 -9999.0 -9999.0 -9999.0 -9999.0 -9999.0 -9999.0 -9999.0 -9999.0 -9999.0
240.0 225.8 221.1 238.7 238.7 200.1 201.1 233.4 224.1 180.0 146.4 156.2 154.9 126.2 149.2 180.3 199.3 175.4 160.0 179.0 184.1 168.1 155.5 132.8 114.6 101.1 92.5 84.5 81.7 43.2 29.9 30.9 28.8 53.0 76.5 87.5 100.2 101.9 136.1 144.0 121.2 93.6 92.3 109.3 124.8 -9999.0 -9999.0 -9999.0 -9999.0 -9999.0 -9999.0 -9999.0 -9999.0 -9999.0 -9999.0 -9999.0 -9999.0 -9999.0 -9999.0 -9999.0 -9999.0 -9999.0 -9999.0 -9999.0 -9999.0 -9999.0 -9999.0 -9999.0 -9999.0 -9999.0
242.4 257.4 232.0 218.1 207.1 171.2 186.4 220.0 224.3 186.2 147.3 128.3 127.2 123.0 157.4 180.1 194.3 162.6 147.6 168.8 158.8 146.8 164.6 153.0 130.1 127.0 110.3 87.4 75.9 41.7 29.4 27.3 49.4 74.6 78.6 89.7 113.7 109.4 119.0 135.1 129.9 102.4 105.9 130.3 -9999.0 -9999.0 -9999.0 -9999.0 -9999.0 -9999.0 -9999.0 -9999.0 -9999.0 -9999.0 -9999.0 -9999.0 -9999.0 -9999.0 -9999.0 -9999.0 -9999.0 -9999.0 -9999.0 -9999.0 -9999.0 -9999.0 -9999.0 -9999.0 -9999.0 -9999.0
266.9 262.8 220.4 179.1 164.2 169.1 197.9 212.0 219.7 215.6 177.3 136.6 115.2 119.7 142.9 153.2 167.1 165.9 133.8 144.1 132.6 136.9 163.6 150.9 117.4 101.3 91.4 79.6 60.4 30.3 35.3 53.5 76.0 92.6 95.6 97.8 100.3 118.7 131.4 146.2 141.5 113.8 116.8 141.4 -9999.0 -9999.0 -9999.0 -9999.0 -9999.0 -9999.0 -9999.0 -9999.0 -9999.0 -9999.0 -9999.0 -9999.0 -9999.0 -9999.0 -9999.0 -9999.0 -9999.0 -9999.0 -9999.0 -9999.0 -9999.0 -9999.0 -9999.0 -9999.0 -9999.0 -9999.0
259.1 251.6 216.3 187.9 152.7 154.6 170.8 192.0 205.4 207.2 199.4 169.4 132.3 112.1 113.8 128.7 152.9 162.5 127.1 130.2 121.6 129.6 150.6 141.3 112.3 87.5 79.9 61.0 34.4 34.3 68.0 78.9 101.4 128.5 131.8 135.1 120.0 127.4 140.7 162.8 156.9 129.8 134.4 150.9 -9999.0 -9999.0 -9999.0 -9999.0 -9999.0 -9999.0 -9999.0 162.3 158.7 -9999.0 -9999.0 -9999.0 -9999.0 -9999.0 -9999.0 -9999.0 -9999.0 -9999.0 -9999.0 -9999.0 -9999.0 -9999.0 -9999.0 -9999.0 -9999.0 -9999.0
224.6 242.9 216.1 179.2 153.9 141.8 171.4 177.1 174.5 187.0 209.6 198.6 169.0 150.9 118.8 104.1 111.4 128.6 117.7 116.2 111.9 113.8 123.3 107.2 89.9 79.5 78.1 48.9 32.6 63.6 84.6 86.4 106.6 131.6 141.1 131.2 139.5 153.0 177.7 192.9 180.9 166.7 172.7 -9999.0 -9999.0 -9999.0 -9999.0 -9999.0 -9999.0 -9999.0 153.6 137.4 141.4 164.7 -9999.0 -9999.0 -9999.0 -9999.0 -9999.0 -9999.0 -9999.0 -9999.0 -9999.0 -9999.0 -9999.0 -9999.0 -9999.0 -9999.0 -9999.0 -9999.0
240.6 240.8 217.3 187.1 156.1 135.2 138.4 156.7 179.5 190.2 197.2 204.9 211.5 192.3 158.5 98.8 66.8 71.1 80.4 83.3 94.5 84.7 85.1 84.7 80.7 75.4 52.5 35.7 43.9 104.8 110.1 89.1 104.9 121.1 109.3 108.3 117.6 137.1 165.4 180.1 185.3 197.6 185.1 183.3 173.0 -9999.0 -9999.0 -9999.0 -9999.0 153.0 130.2 124.1 142.1 158.6 148.2 134.7 146.4 -9999.0 -9999.0 -9999.0 -9999.0 -9999.0 -9999.0 -9999.0 -9999.0 -9999.0 -9999.0 -9999.0 -9999.0 -9999.0
224.1 212.3 190.1 194.6 177.7 140.4 129.5 144.4 156.0 168.0 182.8 205.7 201.8 182.9 172.6 137.4 116.6 89.9 71.7 63.2 59.1 53.4 54.6 82.9 77.3 54.0 33.8 48.0 85.9 131.9 128.4 105.4 92.4 95.5 104.7 114.2 124.4 132.9 138.9 150.8 176.7 194.5 167.1 162.5 156.5 162.8 147.1 145.3 148.2 138.4 127.8 114.8 128.2 135.0 120.5 122.5 141.0 157.9 -9999.0 -9999.0 -9999.0 -9999.0 -9999.0 -9999.0 -9999.0 -9999.0 -9999.0 -9999.0 -9999.0 -9999.0
223.3 203.7 170.6 182.0 185.0 146.0 128.1 139.5 167.3 173.2 173.8 194.1 195.1 171.1 153.5 139.6 132.7 124.4 113.6 105.4 86.6 55.9 48.9 67.1 47.2 35.0 47.3 97.7 136.9 153.4 156.5 144.1 106.4 101.0 128.5 148.3 153.3 161.1 168.9 182.3 189.0 181.2 152.0 138.9 134.6 151.9 137.2 128.6 135.6 119.5 116.3 108.6 109.3 109.1 107.3 116.2 128.1 147.6 156.8 132.4 116.9 116.9 -9999.0 -9999.0 -9999.0 -9999.0 -9999.0 -9999.0 -9999.0 -9999.0
218.2 188.2 155.4 169.1 182.4 153.9 129.2 132.5 148.6 148.0 169.9 168.7 169.3 178.6 174.9 143.2 124.2 123.6 117.6 107.6 95.0 68.0 43.2 36.2 34.9 42.5 86.7 121.3 127.0 137.7 142.8 147.2 129.7 99.8 108.8 116.7 122.9 135.6 163.7 197.1 190.5 160.4 143.9 135.8 127.1 128.7 122.7 117.1 117.8 113.5 121.4 130.1 129.4 115.8 106.2 105.1 122.4 142.9 147.0 124.2 105.1 112.2 133.8 -9999.0 -9999.0 -9999.0 -9999.0 -9999.0 -9999.0 -9999.0
205.9 177.6 147.1 148.3 170.2 162.4 132.5 120.1 129.4 152.8 150.1 149.6 168.9 179.5 177.4 145.3 124.8 113.7 110.2 104.1 93.4 84.9 54.7 37.1 46.9 56.2 86.9 99.9 103.0 113.3 112.2 135.9 138.5 117.0 123.2 132.7 135.4 150.1 173.4 201.3 208.7 192.4 175.4 161.7 141.5 123.2 129.5 143.0 142.9 122.8 129.5 151.2 155.8 146.1 123.4 102.6 109.6 127.7 134.0 112.3 98.0 115.0 131.1 138.8 123.1 107.7 116.7 -9999.0 -9999.0 -9999.0
177.9 165.7 145.0 132.7 151.5 157.0 140.7 121.6 119.7 129.2 130.4 146.8 152.5 161.7 158.5 139.4 124.5 114.3 108.5 102.7 90.6 78.2 62.2 38.1 63.0 105.8 121.2 100.9 99.2 97.7 101.0 120.2 141.4 161.4 167.9 169.7 168.2 167.0 172.7 197.3 227.2 213.1 173.8 146.0 131.7 133.1 144.1 172.9 170.7 143.7 143.9 158.6 147.8 133.6 134.8 111.2 99.0 102.6 108.2 103.4 95.0 105.2 108.8 114.0 103.9 102.2 118.3 123.9 110.8 -9999.0
