hydro/data/static_data/land/marche.roughness.txt
ncols	643
nrows	534
xllcorner	12.041800
yllcorner	42.520600
cellsize	0.003003
NODATA_value	-9999.000000
[rows 150 to 179 of 534, columns 134 to 200 of 643]
86.10 80.90 72.30 83.50 65.70 86.20 95.60 107.20 148.90 162.90 146.70 141.30 136.70 106.40 76.40 74.00 80.30 94.50 71.30 84.60 116.90 118.00 130.20 111.10 76.60 72.50 116.30 172.50 170.60 115.40 90.20 77.20 97.20 68.70 84.80 95.00 143.10 143.10 143.10 113.30 115.60 87.10 108.90 139.10 146.20 147.00 118.50 118.50 122.80 107.50 72.50 45.10 65.30 78.10 94.30 63.20 89.60 110.40 123.20 126.30 149.40 168.50 128.30 108.70 109.90 109.90 66.80
102.00 96.80 112.30 123.50 139.20 155.30 155.30 143.50 136.20 172.60 161.00 151.40 151.20 110.90 94.30 93.90 101.70 94.50 81.40 84.90 92.90 92.50 101.90 111.10 76.60 65.50 89.50 145.10 127.20 82.90 66.30 55.60 64.20 102.80 101.50 83.80 79.50 79.50 95.00 112.20 115.60 99.00 99.00 96.60 133.70 147.00 105.30 83.60 130.60 130.60 143.20 139.00 113.30 105.80 64.40 54.10 96.10 99.30 125.20 110.10 96.50 100.20 77.90 62.00 63.20 51.50 51.60
138.60 138.60 155.50 154.70 158.70 193.40 159.10 135.00 126.20 141.40 160.10 147.50 173.10 147.10 116.20 120.20 101.70 94.50 80.00 80.00 67.60 49.00 67.40 82.80 105.80 86.60 44.20 98.10 135.80 155.40 104.50 71.50 87.30 74.60 89.00 83.80 100.40 85.60 95.00 112.20 125.70 125.70 116.50 94.70 87.10 113.50 135.00 122.80 124.70 109.10 143.20 156.10 167.60 167.60 126.20 89.60 85.90 85.90 99.10 71.20 58.40 57.90 91.80 108.30 123.40 123.40 123.40
111.60 107.90 124.80 101.20 95.60 143.90 121.10 134.40 132.30 132.50 144.00 98.80 115.40 142.10 151.30 120.20 93.80 72.20 72.20 42.20 41.10 42.60 61.00 74.30 123.30 86.60 48.30 98.10 135.90 168.80 168.80 115.10 113.00 76.20 87.80 129.50 148.60 144.40 121.80 64.40 68.50 75.40 71.50 75.50 87.10 78.70 74.70 108.50 124.70 99.40 72.50 79.80 91.30 91.60 93.00 102.30 100.50 67.00 59.60 104.60 104.60 104.60 87.10 96.10 109.30 130.20 130.20
96.60 98.00 136.20 118.70 83.80 114.40 124.80 131.30 131.70 122.40 126.80 105.60 193.10 201.70 151.30 120.20 65.70 65.70 63.00 51.20 56.50 56.50 58.70 84.70 123.30 105.20 105.20 105.20 102.00 125.50 125.50 127.60 162.60 164.20 143.40 131.40 136.10 130.00 105.90 100.60 100.60 95.80 103.40 93.30 91.80 85.00 64.90 70.30 72.60 70.30 67.30 79.80 91.30 91.60 50.20 54.90 63.90 36.80 144.70 141.80 141.80 102.30 91.10 105.70 62.90 63.30 102.00
98.30 176.00 228.30 235.30 176.10 134.10 120.80 116.40 116.40 116.40 105.20 164.00 188.80 158.10 123.30 135.40 135.40 127.50 97.60 77.00 66.10 65.40 90.10 89.10 123.30 124.70 143.20 153.70 161.20 122.70 89.40 139.50 180.50 180.50 180.50 153.30 160.10 185.00 193.20 159.50 144.40 106.10 79.50 61.30 56.00 59.30 55.90 58.60 73.90 62.90 45.70 51.00 64.90 93.10 59.70 42.10 41.50 80.60 144.70 132.30 94.20 101.10 128.40 163.60 115.60 91.10 71.10
123.90 170.20 206.30 169.00 177.10 177.10 151.10 92.20 68.90 105.60 139.10 202.10 186.60 127.20 181.50 181.50 181.50 162.30 156.00 110.20 82.70 96.60 91.20 72.70 97.00 105.70 115.20 114.10 172.80 156.30 132.30 83.20 75.60 87.60 102.90 116.00 153.60 180.80 187.90 183.10 150.70 100.10 84.60 65.40 69.00 69.00 47.00 57.40 49.00 34.30 30.80 42.70 64.00 81.80 60.70 42.10 57.30 132.80 142.60 107.90 90.40 79.80 107.10 141.50 118.20 96.20 93.10
123.90 143.20 139.40 128.00 134.10 113.20 109.90 128.10 98.60 105.60 151.30 202.10 179.20 149.60 191.40 140.00 126.50 117.60 141.50 118.60 82.70 96.60 91.20 142.80 177.80 177.80 157.50 88.10 118.40 149.30 132.30 85.70 60.10 64.70 64.70 64.70 68.20 100.00 136.50 136.50 146.30 142.30 142.30 142.30 123.90 128.70 117.20 114.90 93.50 67.50 47.00 62.60 63.70 61.10 47.20 90.70 124.20 130.40 125.10 58.50 84.80 75.30 107.10 130.40 124.80 136.00 97.80
99.30 137.60 141.40 151.00 166.40 138.80 93.90 128.10 102.60 110.60 119.10 154.70 103.50 163.10 158.80 87.20 153.40 145.60 141.50 118.60 112.80 132.30 98.80 126.80 156.00 122.40 86.80 84.90 76.30 101.50 88.10 90.70 106.90 106.90 114.70 83.20 81.40 73.10 72.30 75.90 99.80 93.40 91.40 97.80 97.20 102.00 92.70 100.80 85.60 68.40 58.60 58.40 59.60 73.60 95.50 127.80 144.60 138.40 98.80 39.20 81.20 114.70 136.80 127.10 124.80 136.00 120.20
75.70 113.80 106.60 105.20 138.40 138.80 124.30 157.80 185.50 151.30 119.10 200.00 200.00 201.20 186.10 129.40 211.60 162.10 125.50 148.90 160.90 121.10 128.10 122.00 96.70 45.70 86.80 100.10 103.60 76.50 104.60 120.60 120.60 120.60 64.20 50.00 64.20 72.50 80.40 77.40 67.90 54.10 50.70 47.70 45.20 48.50 55.70 57.70 47.80 47.80 49.00 105.60 130.90 131.10 148.00 156.10 120.50 73.40 58.00 33.50 41.80 72.70 115.80 136.70 136.70 136.70 83.80
117.60 154.70 155.30 136.40 107.20 107.30 119.10 141.70 178.30 151.30 118.40 173.00 173.00 155.50 192.40 190.70 272.90 223.50 129.60 129.60 117.10 118.60 162.20 162.20 153.50 97.80 87.90 129.30 103.60 111.40 140.10 140.10 132.20 80.90 66.70 75.00 80.20 56.80 97.20 110.70 81.00 68.50 60.20 54.80 50.50 52.00 81.80 117.20 147.30 147.30 145.50 115.50 143.90 158.10 126.40 115.10 88.70 56.30 58.10 62.80 76.00 76.80 87.70 125.90 157.20 157.20 143.30
129.00 175.10 130.90 103.20 71.00 77.00 61.00 75.50 110.10 190.80 190.80 190.80 162.00 134.20 177.70 181.40 296.80 207.90 148.80 136.10 145.10 107.60 154.70 111.10 116.60 132.50 137.80 163.30 107.00 122.20 129.90 115.10 94.70 78.30 78.30 98.40 94.80 59.00 68.50 75.90 44.10 51.70 53.60 55.10 55.30 42.00 98.50 125.90 134.20 144.60 144.60 144.60 94.90 79.50 55.70 55.50 71.90 56.30 46.00 50.70 57.70 69.10 82.70 104.90 105.70 131.50 137.10
156.10 125.20 91.60 62.30 70.40 77.00 49.40 44.30 84.80 145.00 173.50 137.50 158.80 136.30 137.60 120.80 259.90 197.20 197.20 221.40 177.50 131.30 131.30 93.70 111.10 132.50 137.80 163.30 92.30 101.60 96.80 63.60 94.70 117.50 117.50 124.20 77.40 40.20 61.30 61.50 57.90 59.50 67.40 62.40 63.90 47.90 60.00 86.30 75.40 54.80 84.90 84.90 63.70 79.50 49.30 51.60 72.70 44.90 33.10 40.50 53.70 70.50 82.70 109.90 105.80 115.20 115.20
123.00 98.50 74.10 73.10 91.90 73.10 62.00 48.60 60.30 109.00 121.50 96.70 113.80 129.50 86.80 120.80 216.60 218.00 218.00 253.10 179.70 163.30 163.30 127.50 144.70 141.70 135.30 149.80 78.80 88.10 51.50 55.90 46.40 88.40 88.40 111.70 64.00 55.70 76.00 85.40 85.90 85.90 76.80 77.80 86.90 72.30 47.90 73.80 70.90 71.80 57.20 69.50 48.30 75.80 58.60 60.90 60.90 60.20 44.70 44.70 48.40 61.30 68.90 93.40 115.00 106.00 53.90
87.10 97.30 103.50 97.70 93.30 83.90 79.60 63.00 73.10 122.90 161.80 150.20 180.30 186.40 144.80 133.50 172.60 178.90 178.90 234.80 187.80 166.70 153.90 126.10 88.30 86.00 104.70 117.90 69.10 69.10 56.80 106.40 106.40 106.40 82.30 101.80 66.90 93.60 148.90 148.90 148.90 141.20 117.70 135.30 140.40 120.90 71.60 47.50 48.00 71.20 56.60 46.40 25.40 38.60 58.60 44.20 64.20 60.20 43.50 25.30 34.00 61.60 66.60 88.00 115.00 106.00 95.40
116.00 130.80 143.50 107.70 78.00 76.40 69.70 91.90 91.90 104.90 130.80 135.50 145.60 151.30 162.50 100.90 101.70 121.80 130.90 172.90 188.00 170.00 153.90 129.30 143.30 169.00 105.90 111.50 111.50 111.50 77.10 92.80 87.20 82.00 90.10 78.20 78.20 84.50 117.10 117.10 102.80 99.90 122.80 137.40 164.80 132.20 86.00 86.00 75.30 70.70 82.00 71.80 66.50 44.30 61.00 58.20 81.40 61.20 37.30 30.20 38.90 71.50 71.40 86.30 128.90 132.20 165.70
105.30 119.20 118.30 103.00 85.50 84.20 103.30 98.20 97.80 71.50 80.70 98.80 106.90 151.30 220.60 174.70 142.80 129.40 68.10 86.60 188.00 171.90 175.00 150.00 135.70 169.00 109.70 155.50 155.50 137.50 96.90 96.90 78.70 95.30 72.10 60.20 60.20 65.00 97.60 84.40 80.50 69.20 75.30 84.30 133.60 100.70 84.60 103.50 102.60 85.60 73.30 62.40 76.70 57.50 55.50 55.30 65.70 53.10 34.10 35.60 44.30 76.90 94.30 112.90 157.90 165.30 165.30
115.20 109.10 117.20 105.80 87.70 106.80 111.60 112.70 112.70 98.60 90.40 102.70 134.30 181.70 198.20 191.10 223.50 223.60 170.50 123.20 188.00 162.20 113.10 150.00 135.70 169.00 163.30 179.40 174.30 174.30 174.30 160.90 111.50 89.30 65.20 53.30 65.20 93.30 125.90 125.90 120.20 89.70 101.00 108.10 113.00 56.00 68.40 97.00 98.00 78.80 78.80 83.90 79.60 71.10 57.30 70.50 74.30 49.70 32.10 32.20 45.50 75.80 88.80 117.50 155.30 155.30 155.30
127.00 99.30 85.10 74.60 61.80 61.80 66.60 84.90 88.60 90.20 126.10 112.10 104.00 117.60 154.30 201.70 263.00 313.90 253.70 135.60 135.60 162.20 113.10 183.80 221.10 202.80 202.80 229.00 262.00 272.70 272.70 266.00 224.40 167.50 93.40 85.40 53.10 54.80 65.70 65.70 65.90 60.30 82.70 114.30 114.30 80.40 86.80 59.30 48.80 29.60 58.60 111.80 91.70 100.80 63.10 65.10 65.80 50.20 44.70 32.60 35.30 57.40 74.50 114.00 127.10 127.10 151.50
124.00 83.10 102.80 126.00 126.00 126.00 97.10 99.50 103.90 90.70 93.50 108.60 145.20 160.00 151.70 151.90 205.00 225.20 208.90 90.80 100.40 168.70 172.20 223.20 232.30 232.30 230.00 260.70 260.70 189.00 213.30 246.10 224.40 211.50 204.80 185.90 157.20 95.00 83.50 91.10 95.70 108.60 119.20 128.40 128.40 137.00 144.10 82.70 94.70 83.50 124.60 174.30 135.80 118.70 100.90 92.90 92.30 76.90 73.10 67.00 63.30 70.50 78.40 106.50 108.40 155.70 194.30
125.90 127.80 142.30 142.30 112.30 72.70 85.00 114.70 116.20 76.50 68.80 107.00 152.80 179.70 169.00 145.40 126.20 202.40 239.70 187.30 134.00 84.40 85.30 254.10 304.00 328.20 291.60 289.10 288.20 254.40 297.00 264.90 196.60 162.20 182.90 185.90 221.40 167.20 98.80 94.10 116.10 134.20 118.60 135.00 123.20 123.10 164.40 89.70 169.90 155.90 167.40 167.40 134.90 90.80 84.60 67.30 66.30 64.30 66.30 67.10 69.60 70.10 70.10 69.70 64.60 92.90 95.30
144.00 106.80 103.00 103.00 66.00 56.80 50.50 77.90 116.20 76.50 71.00 67.20 56.80 72.80 86.00 139.00 151.70 218.00 255.10 220.80 156.30 113.80 124.40 183.80 207.20 260.80 224.70 224.70 291.20 283.90 315.80 329.60 297.90 259.40 234.70 170.30 234.00 167.20 74.20 96.70 135.90 137.70 122.10 138.50 126.60 143.80 164.40 179.30 179.30 126.50 118.00 110.00 68.90 79.00 79.00 85.80 76.50 60.10 66.90 70.70 71.10 54.10 54.00 87.90 137.60 180.00 198.20
78.00 53.20 53.00 50.30 69.60 44.60 45.60 63.20 63.90 80.90 116.10 119.20 121.60 106.10 89.30 144.50 147.40 188.60 209.90 236.30 197.00 160.30 209.50 239.60 214.00 175.40 125.50 184.80 299.40 308.30 256.00 245.40 238.80 184.90 205.90 230.80 246.90 167.20 193.80 193.80 215.90 208.20 192.60 190.00 137.20 154.40 175.00 179.30 179.30 100.90 113.10 113.10 114.90 112.30 128.50 142.30 142.30 142.30 110.80 135.00 135.40 135.40 124.90 115.70 134.60 157.90 163.20
82.90 82.90 82.90 80.90 79.80 79.80 100.10 99.50 103.00 119.20 147.50 197.40 205.10 205.10 178.20 130.80 103.90 142.50 232.50 279.20 237.10 221.00 279.20 282.30 230.70 144.90 84.80 166.90 299.40 308.30 330.30 343.20 330.60 299.60 253.20 147.30 167.20 184.40 317.00 316.90 280.00 257.50 176.10 176.80 160.90 154.40 154.40 158.70 135.00 141.50 146.00 125.80 120.10 101.00 89.30 111.10 129.40 142.00 78.90 112.40 116.80 116.80 117.60 102.50 91.30 93.70 100.10
113.70 113.70 89.40 106.60 109.20 109.20 130.90 147.50 148.50 146.00 163.00 168.30 197.80 195.10 187.60 175.50 147.90 114.30 153.60 217.80 192.60 253.30 291.40 282.30 230.70 161.40 191.20 290.20 284.70 220.50 186.40 201.30 253.80 304.50 266.50 130.30 169.30 247.30 338.80 324.10 233.10 233.10 264.10 261.40 233.00 182.10 131.70 61.30 126.70 154.60 140.70 124.50 124.50 139.60 115.80 74.00 110.10 135.50 113.30 115.80 64.20 69.50 96.00 96.10 59.40 92.50 100.10
78.00 80.80 70.70 82.70 82.70 106.40 146.10 197.30 197.30 197.30 152.90 116.30 149.20 94.30 129.30 155.20 147.90 109.70 79.60 95.70 180.10 266.10 291.40 330.40 324.20 288.40 291.30 395.60 477.20 444.30 410.50 391.60 376.30 339.50 266.50 130.30 149.40 227.40 275.00 222.50 145.10 210.80 274.60 334.20 312.80 234.10 119.90 82.80 115.50 113.30 101.50 94.10 100.50 134.80 126.30 93.50 140.90 130.80 115.90 147.20 86.90 59.00 90.90 115.50 104.40 89.10 109.80
54.40 72.80 55.50 68.30 68.30 95.80 123.70 121.30 116.10 116.10 92.90 94.20 149.20 94.30 73.90 82.30 137.70 109.70 85.00 71.90 187.10 325.20 420.40 487.60 434.60 339.90 311.40 392.60 455.90 356.90 330.40 292.60 293.80 236.70 321.80 321.80 321.80 204.20 195.30 201.50 185.80 184.00 260.30 311.20 269.10 241.10 105.70 96.80 108.40 111.20 111.70 94.10 61.50 88.70 80.20 57.20 140.90 108.60 93.70 125.00 70.10 49.10 72.80 108.30 108.30 108.60 112.50
92.70 110.40 93.10 85.60 85.40 112.70 131.40 77.10 111.10 112.90 141.20 134.80 149.20 110.00 118.70 128.20 160.60 162.20 85.00 61.30 162.30 219.90 295.00 350.60 350.60 339.70 327.60 373.00 331.50 227.20 180.90 194.70 231.70 309.60 333.30 293.10 240.50 237.60 255.60 209.90 185.80 145.80 185.20 274.90 288.80 241.10 157.00 157.00 148.30 117.20 111.70 94.10 104.80 122.40 131.10 131.20 150.70 108.60 93.70 125.00 70.10 57.90 71.90 109.30 127.00 127.00 127.00
128.60 128.60 124.40 96.50 93.70 130.00 133.40 78.80 121.80 133.70 124.60 148.00 153.70 183.80 183.80 181.70 174.00 171.20 89.40 61.30 43.30 56.60 75.00 169.00 228.50 282.00 282.00 282.60 200.50 99.40 180.90 248.40 302.90 331.40 304.40 155.80 203.80 273.20 327.00 297.50 272.70 230.90 257.80 341.50 305.50 218.40 246.70 246.70 197.00 171.80 116.00 89.30 93.50 98.50 78.10 94.10 114.50 98.00 117.10 117.10 62.70 65.70 106.30 94.90 66.50 86.20 101.70
159.80 114.00 136.50 107.30 147.60 171.70 192.30 192.30 192.30 184.30 128.70 170.80 195.50 218.30 222.40 223.40 208.90 171.20 97.30 142.00 204.20 204.20 204.20 181.60 100.20 100.20 100.20 95.90 123.40 148.40 180.90 190.70 207.80 236.30 229.40 130.20 115.10 184.50 219.80 152.60 212.00 215.40 278.70 262.30 212.80 182.30 283.40 271.30 206.40 200.40 132.40 89.30 88.60 76.40 99.40 132.30 154.40 135.20 115.20 101.60 94.60 102.60 104.60 86.30 78.00 124.40 119.90
