hydro/data/static_data/land/marche.slope.txt
ncols	643
nrows	534
xllcorner	12.041800
yllcorner	42.520600
cellsize	0.003003
NODATA_value	-9999.000000
[rows 124 to 154 of 534, columns 345 to 413 of 643]
4.99 3.23 0.09 3.08 4.37 3.05 1.56 2.58 2.85 1.29 1.37 2.39 2.36 -9999.00 -9999.00 -9999.00 -9999.00 -9999.00 -9999.00 -9999.00 -9999.00 -9999.00 -9999.00 -9999.00 -9999.00 -9999.00 -9999.00 -9999.00 -9999.00 -9999.00 -9999.00 -9999.00 -9999.00 -9999.00 -9999.00 -9999.00 -9999.00 -9999.00 -9999.00 -9999.00 -9999.00 -9999.00 -9999.00 -9999.00 -9999.00 -9999.00 -9999.00 -9999.00 -9999.00 -9999.00 -9999.00 -9999.00 -9999.00 -9999.00 -9999.00 -9999.00 -9999.00 -9999.00 -9999.00 -9999.00 -9999.00 -9999.00 -9999.00 -9999.00 -9999.00 -9999.00 -9999.00 -9999.00 -9999.00
3.63 5.45 4.58 1.59 2.03 4.25 3.62 2.71 2.39 1.79 0.97 1.00 0.98 0.83 -9999.00 -9999.00 -9999.00 -9999.00 -9999.00 -9999.00 -9999.00 -9999.00 -9999.00 1.30 -9999.00 -9999.00 -9999.00 -9999.00 -9999.00 -9999.00 -9999.00 -9999.00 -9999.00 -9999.00 -9999.00 -9999.00 -9999.00 -9999.00 -9999.00 -9999.00 -9999.00 -9999.00 -9999.00 -9999.00 -9999.00 -9999.00 -9999.00 -9999.00 -9999.00 -9999.00 -9999.00 -9999.00 -9999.00 -9999.00 -9999.00 -9999.00 -9999.00 -9999.00 -9999.00 -9999.00 -9999.00 -9999.00 -9999.00 -9999.00 -9999.00 -9999.00 -9999.00 -9999.00 -9999.00
1.42 2.16 4.26 4.29 2.71 1.30 3.04 2.58 1.87 1.57 1.29 1.18 1.06 0.94 0.91 -9999.00 -9999.00 -9999.00 -9999.00 -9999.00 3.52 3.66 3.65 4.25 4.10 2.31 -9999.00 -9999.00 -9999.00 -9999.00 -9999.00 -9999.00 -9999.00 -9999.00 -9999.00 -9999.00 -9999.00 -9999.00 -9999.00 -9999.00 -9999.00 -9999.00 -9999.00 -9999.00 -9999.00 -9999.00 -9999.00 -9999.00 -9999.00 -9999.00 -9999.00 -9999.00 -9999.00 -9999.00 -9999.00 -9999.00 -9999.00 -9999.00 -9999.00 -9999.00 -9999.00 -9999.00 -9999.00 -9999.00 -9999.00 -9999.00 -9999.00 -9999.00 -9999.00
3.54 2.57 3.02 3.12 3.16 1.78 1.10 1.88 1.41 1.14 1.26 1.44 1.19 0.86 0.66 0.51 0.43 0.71 2.58 4.28 3.49 3.12 2.71 1.31 1.62 5.21 7.58 7.91 -9999.00 -9999.00 -9999.00 -9999.00 -9999.00 -9999.00 -9999.00 -9999.00 -9999.00 -9999.00 -9999.00 -9999.00 -9999.00 -9999.00 -9999.00 -9999.00 -9999.00 -9999.00 -9999.00 -9999.00 -9999.00 -9999.00 -9999.00 -9999.00 -9999.00 -9999.00 -9999.00 -9999.00 -9999.00 -9999.00 -9999.00 -9999.00 -9999.00 -9999.00 -9999.00 -9999.00 -9999.00 -9999.00 -9999.00 -9999.00 -9999.00
3.11 3.11 3.45 3.05 2.53 1.87 1.24 1.03 1.49 1.41 1.45 1.41 0.70 0.41 0.57 0.63 1.04 2.21 3.95 2.69 2.24 5.17 6.18 6.30 6.27 6.64 6.04 -9999.00 -9999.00 -9999.00 -9999.00 -9999.00 -9999.00 -9999.00 -9999.00 -9999.00 -9999.00 -9999.00 -9999.00 -9999.00 -9999.00 -9999.00 -9999.00 -9999.00 -9999.00 -9999.00 -9999.00 -9999.00 -9999.00 -9999.00 -9999.00 -9999.00 -9999.00 -9999.00 -9999.00 -9999.00 -9999.00 -9999.00 -9999.00 -9999.00 -9999.00 -9999.00 -9999.00 -9999.00 -9999.00 -9999.00 -9999.00 -9999.00 -9999.00
3.29 3.08 2.92 2.56 2.31 2.05 1.76 1.14 1.10 1.16 1.21 1.40 1.63 2.28 2.94 3.41 3.82 4.01 2.98 1.27 6.68 8.88 8.77 6.65 4.49 3.98 3.35 -9999.00 -9999.00 -9999.00 -9999.00 -9999.00 -9999.00 -9999.00 -9999.00 -9999.00 -9999.00 -9999.00 -9999.00 -9999.00 -9999.00 -9999.00 -9999.00 -9999.00 -9999.00 -9999.00 -9999.00 -9999.00 -9999.00 -9999.00 -9999.00 -9999.00 -9999.00 -9999.00 -9999.00 -9999.00 -9999.00 -9999.00 -9999.00 -9999.00 -9999.00 -9999.00 -9999.00 -9999.00 -9999.00 -9999.00 -9999.00 -9999.00 -9999.00
6.55 6.06 5.78 5.77 5.63 5.28 4.81 3.93 2.68 1.40 1.58 3.08 4.21 4.22 3.56 2.60 1.50 0.59 2.51 4.98 7.22 5.61 2.77 3.24 3.37 4.54 -9999.00 -9999.00 -9999.00 -9999.00 -9999.00 -9999.00 -9999.00 -9999.00 -9999.00 -9999.00 -9999.00 -9999.00 -9999.00 -9999.00 -9999.00 -9999.00 -9999.00 -9999.00 -9999.00 -9999.00 -9999.00 -9999.00 -9999.00 -9999.00 -9999.00 -9999.00 -9999.00 -9999.00 -9999.00 -9999.00 -9999.00 -9999.00 -9999.00 -9999.00 -9999.00 -9999.00 -9999.00 -9999.00 -9999.00 -9999.00 -9999.00 -9999.00 -9999.00
4.67 4.88 4.13 3.37 2.82 2.45 2.49 3.11 4.07 3.77 3.80 4.32 3.04 0.73 1.84 3.20 4.39 6.17 8.05 8.29 6.54 2.96 2.12 1.52 3.14 3.03 -9999.00 -9999.00 -9999.00 -9999.00 -9999.00 -9999.00 -9999.00 -9999.00 -9999.00 -9999.00 -9999.00 -9999.00 -9999.00 -9999.00 -9999.00 -9999.00 -9999.00 -9999.00 -9999.00 -9999.00 -9999.00 -9999.00 -9999.00 -9999.00 -9999.00 -9999.00 -9999.00 -9999.00 -9999.00 -9999.00 -9999.00 -9999.00 -9999.00 -9999.00 -9999.00 -9999.00 -9999.00 -9999.00 -9999.00 -9999.00 -9999.00 -9999.00 -9999.00
4.31 3.67 3.72 3.87 3.97 3.99 3.92 2.78 0.46 2.74 3.26 2.23 1.12 4.05 4.12 4.08 5.40 7.73 8.86 8.24 6.58 3.99 3.16 1.81 2.91 2.06 -9999.00 -9999.00 -9999.00 -9999.00 -9999.00 -9999.00 -9999.00 -9999.00 -9999.00 -9999.00 -9999.00 -9999.00 -9999.00 -9999.00 -9999.00 -9999.00 -9999.00 -9999.00 -9999.00 -9999.00 -9999.00 -9999.00 -9999.00 -9999.00 -9999.00 -9999.00 -9999.00 -9999.00 -9999.00 -9999.00 -9999.00 -9999.00 -9999.00 -9999.00 -9999.00 -9999.00 -9999.00 -9999.00 -9999.00 -9999.00 -9999.00 -9999.00 -9999.00
4.74 3.97 3.14 2.52 2.28 2.31 2.84 3.94 3.43 1.17 0.66 2.22 3.93 3.98 2.93 4.34 6.50 6.69 3.84 1.39 1.74 3.64 4.79 3.11 2.95 2.52 -9999.00 -9999.00 -9999.00 -9999.00 -9999.00 -9999.00 -9999.00 -9999.00 -9999.00 -9999.00 -9999.00 -9999.00 -9999.00 -9999.00 -9999.00 -9999.00 -9999.00 -9999.00 -9999.00 -9999.00 -9999.00 -9999.00 -9999.00 -9999.00 -9999.00 -9999.00 -9999.00 -9999.00 -9999.00 -9999.00 -9999.00 -9999.00 -9999.00 -9999.00 -9999.00 -9999.00 -9999.00 -9999.00 -9999.00 -9999.00 -9999.00 -9999.00 -9999.00
1.51 1.46 1.15 0.58 0.30 0.54 1.30 3.05 3.64 0.84 3.94 5.29 4.82 2.83 2.65 4.62 4.30 1.82 2.99 3.69 3.32 0.76 2.42 3.01 3.22 1.85 0.44 -9999.00 -9999.00 -9999.00 -9999.00 -9999.00 -9999.00 -9999.00 -9999.00 -9999.00 -9999.00 -9999.00 -9999.00 -9999.00 -9999.00 -9999.00 -9999.00 -9999.00 -9999.00 -9999.00 -9999.00 -9999.00 -9999.00 -9999.00 -9999.00 -9999.00 -9999.00 -9999.00 -9999.00 -9999.00 -9999.00 -9999.00 -9999.00 -9999.00 -9999.00 -9999.00 -9999.00 -9999.00 -9999.00 -9999.00 -9999.00 -9999.00 -9999.00
1.80 1.25 0.64 0.51 1.03 2.27 3.88 4.26 1.39 4.34 7.59 7.27 5.52 2.92 1.56 3.57 3.92 4.72 4.36 3.58 4.32 3.52 1.39 1.94 2.29 1.87 2.24 3.19 -9999.00 -9999.00 -9999.00 -9999.00 -9999.00 -9999.00 -9999.00 -9999.00 -9999.00 -9999.00 -9999.00 -9999.00 -9999.00 -9999.00 -9999.00 -9999.00 -9999.00 -9999.00 -9999.00 -9999.00 -9999.00 -9999.00 -9999.00 -9999.00 -9999.00 -9999.00 -9999.00 -9999.00 -9999.00 -9999.00 -9999.00 -9999.00 -9999.00 -9999.00 -9999.00 -9999.00 -9999.00 -9999.00 -9999.00 -9999.00 -9999.00
1.39 1.37 1.67 2.88 3.98 4.35 3.30 0.29 4.63 8.42 8.69 5.69 4.58 3.30 0.66 1.79 1.22 0.65 0.32 1.52 2.50 2.68 2.84 0.88 2.40 4.53 3.68 2.99 -9999.00 -9999.00 -9999.00 -9999.00 -9999.00 -9999.00 -9999.00 -9999.00 -9999.00 -9999.00 -9999.00 -9999.00 -9999.00 -9999.00 -9999.00 -9999.00 -9999.00 -9999.00 -9999.00 -9999.00 -9999.00 -9999.00 -9999.00 -9999.00 -9999.00 -9999.00 -9999.00 -9999.00 -9999.00 -9999.00 -9999.00 -9999.00 -9999.00 -9999.00 -9999.00 -9999.00 -9999.00 -9999.00 -9999.00 -9999.00 -9999.00
3.74 4.30 4.35 4.04 2.31 0.30 2.95 5.21 6.34 7.26 5.52 2.04 5.26 2.87 2.40 4.36 5.27 5.74 5.19 3.85 4.53 4.66 1.78 2.92 5.31 5.32 2.44 2.78 -9999.00 -9999.00 -9999.00 -9999.00 -9999.00 -9999.00 -9999.00 -9999.00 -9999.00 -9999.00 -9999.00 -9999.00 3.97 5.45 5.06 0.86 2.88 -9999.00 -9999.00 -9999.00 -9999.00 -9999.00 -9999.00 -9999.00 -9999.00 -9999.00 -9999.00 -9999.00 -9999.00 -9999.00 -9999.00 -9999.00 -9999.00 -9999.00 -9999.00 -9999.00 -9999.00 -9999.00 -9999.00 -9999.00 -9999.00
4.04 2.52 0.97 1.19 3.71 4.95 5.72 6.22 5.15 4.81 3.89 2.34 5.86 2.49 2.84 3.96 4.46 5.61 6.75 6.38 4.46 1.19 3.11 5.05 4.58 2.08 2.59 2.72 -9999.00 -9999.00 -9999.00 -9999.00 -9999.00 -9999.00 -9999.00 3.09 2.89 1.65 2.41 4.22 5.45 4.67 0.74 3.26 3.13 -9999.00 -9999.00 -9999.00 -9999.00 -9999.00 -9999.00 -9999.00 -9999.00 -9999.00 -9999.00 -9999.00 -9999.00 -9999.00 -9999.00 -9999.00 -9999.00 -9999.00 -9999.00 -9999.00 -9999.00 -9999.00 -9999.00 -9999.00 -9999.00
1.76 3.96 4.97 6.05 5.86 4.12 3.93 5.09 4.97 4.78 3.85 2.64 5.93 2.63 2.62 4.21 4.22 3.12 2.41 3.29 2.21 3.17 5.28 4.62 3.32 1.03 3.83 1.52 3.37 2.93 2.19 2.08 2.10 3.14 3.04 2.80 3.01 2.22 2.68 4.88 3.79 0.37 3.49 3.64 1.82 0.91 -9999.00 -9999.00 -9999.00 -9999.00 -9999.00 -9999.00 -9999.00 -9999.00 -9999.00 -9999.00 -9999.00 -9999.00 -9999.00 -9999.00 -9999.00 -9999.00 -9999.00 -9999.00 -9999.00 -9999.00 -9999.00 -9999.00 -9999.00
4.39 4.13 5.33 7.27 6.54 4.57 2.23 3.95 2.95 3.63 2.73 3.64 5.03 2.77 4.26 5.42 4.27 0.95 2.98 2.42 1.93 4.57 4.50 2.89 2.19 2.02 3.82 3.88 2.96 1.92 0.38 1.36 2.03 2.35 2.33 2.54 3.06 3.60 4.66 4.44 0.12 4.08 4.16 3.36 2.80 2.18 -9999.00 -9999.00 -9999.00 -9999.00 -9999.00 -9999.00 -9999.00 -9999.00 -9999.00 -9999.00 -9999.00 -9999.00 -9999.00 -9999.00 -9999.00 -9999.00 -9999.00 -9999.00 -9999.00 -9999.00 -9999.00 -9999.00 -9999.00
3.39 3.40 6.06 7.09 5.34 5.49 1.91 3.67 4.11 4.20 2.64 5.26 5.01 6.27 6.87 5.32 2.01 3.04 4.14 4.24 1.87 3.12 5.88 5.68 3.65 0.39 2.17 2.99 2.18 2.82 0.93 2.46 2.19 2.15 2.49 2.18 3.49 5.11 4.10 0.69 3.40 4.89 4.43 4.54 3.78 3.04 -9999.00 -9999.00 -9999.00 -9999.00 -9999.00 -9999.00 -9999.00 -9999.00 -9999.00 -9999.00 -9999.00 -9999.00 -9999.00 -9999.00 -9999.00 -9999.00 -9999.00 -9999.00 -9999.00 -9999.00 -9999.00 -9999.00 -9999.00
3.98 5.05 6.51 5.22 3.54 5.88 3.39 5.42 6.76 5.68 3.27 5.12 6.47 5.92 2.94 0.34 1.87 4.65 3.81 3.66 3.84 0.70 3.54 5.96 6.47 5.47 3.39 1.35 1.20 3.41 3.49 3.08 2.12 2.29 2.95 2.84 4.42 4.26 0.46 3.77 4.39 4.56 4.83 3.90 3.58 3.60 1.42 1.88 2.22 -9999.00 -9999.00 -9999.00 -9999.00 -9999.00 -9999.00 -9999.00 -9999.00 -9999.00 -9999.00 -9999.00 -9999.00 -9999.00 -9999.00 -9999.00 -9999.00 -9999.00 -9999.00 -9999.00 -9999.00
6.67 7.55 6.79 4.54 3.99 6.61 6.14 6.25 5.75 1.34 2.36 0.98 1.36 2.41 5.09 5.26 4.65 4.90 3.43 2.66 3.94 1.70 1.70 1.82 3.24 5.76 6.30 5.25 3.16 0.52 1.61 2.39 2.09 2.87 4.87 5.04 4.50 1.63 3.52 4.02 3.14 3.22 4.26 2.21 3.35 4.48 2.06 1.70 2.42 -9999.00 -9999.00 -9999.00 -9999.00 -9999.00 -9999.00 -9999.00 -9999.00 -9999.00 -9999.00 -9999.00 -9999.00 -9999.00 -9999.00 -9999.00 -9999.00 -9999.00 -9999.00 -9999.00 -9999.00
6.92 6.07 3.64 1.03 0.97 3.97 5.78 3.69 1.72 4.40 5.58 4.80 3.00 4.15 6.43 3.98 4.06 4.48 1.71 4.07 4.13 0.14 3.44 2.53 1.67 1.82 2.38 3.91 5.00 3.92 2.55 1.87 1.49 3.39 4.72 3.55 1.93 1.77 4.14 2.87 2.45 2.24 2.86 3.02 1.25 4.16 2.70 2.40 -9999.00 -9999.00 -9999.00 -9999.00 -9999.00 -9999.00 -9999.00 -9999.00 -9999.00 -9999.00 -9999.00 -9999.00 -9999.00 -9999.00 -9999.00 -9999.00 -9999.00 -9999.00 -9999.00 -9999.00 -9999.00
2.66 2.21 3.40 2.88 2.87 2.57 2.83 3.24 4.57 5.96 3.15 3.93 2.80 2.52 6.22 4.97 2.26 2.58 2.17 4.43 3.74 2.24 3.92 2.08 3.31 3.86 2.29 0.20 3.50 2.90 1.88 2.52 2.47 4.11 3.75 0.58 2.70 4.73 4.12 2.41 2.28 1.71 1.78 2.60 0.56 3.45 2.84 3.04 -9999.00 -9999.00 -9999.00 -9999.00 -9999.00 -9999.00 -9999.00 -9999.00 -9999.00 -9999.00 -9999.00 -9999.00 -9999.00 -9999.00 -9999.00 -9999.00 -9999.00 -9999.00 -9999.00 -9999.00 -9999.00
2.84 3.67 2.52 2.41 4.72 2.45 3.14 5.96 5.13 3.97 2.61 4.03 3.16 0.99 3.94 6.48 5.42 2.24 1.94 4.40 4.82 3.02 3.27 2.27 2.89 2.90 2.77 1.57 3.73 4.26 3.52 3.59 4.05 4.44 1.41 3.08 5.05 5.84 5.03 4.46 3.30 2.00 2.34 3.14 2.45 3.65 3.13 3.17 -9999.00 -9999.00 -9999.00 -9999.00 -9999.00 -9999.00 -9999.00 -9999.00 -9999.00 -9999.00 -9999.00 -9999.00 -9999.00 -9999.00 -9999.00 -9999.00 -9999.00 -9999.00 -9999.00 -9999.00 -9999.00
5.10 2.05 2.67 3.30 3.94 3.00 3.54 5.91 5.27 2.65 2.71 4.10 3.64 3.43 1.56 3.72 6.76 5.76 2.35 1.48 4.32 4.79 3.56 2.98 2.02 2.00 3.15 3.23 4.72 4.73 2.85 2.82 4.21 2.20 2.76 4.57 4.18 4.85 4.12 3.52 3.28 3.19 4.07 4.75 3.96 4.66 4.62 -9999.00 -9999.00 -9999.00 -9999.00 -9999.00 -9999.00 -9999.00 -9999.00 -9999.00 -9999.00 -9999.00 -9999.00 -9999.00 -9999.00 -9999.00 -9999.00 -9999.00 -9999.00 -9999.00 -9999.00 -9999.00 -9999.00
4.12 2.76 3.43 3.42 3.74 2.67 1.97 5.24 5.33 3.44 1.64 3.78 3.27 2.67 2.20 0.30 4.28 6.84 7.09 4.72 2.61 6.38 6.74 5.05 3.59 3.13 4.01 4.98 5.08 3.80 2.54 3.37 3.44 2.07 6.00 3.88 2.10 3.69 2.34 1.71 1.69 1.47 3.23 3.77 2.09 3.37 4.67 -9999.00 -9999.00 -9999.00 -9999.00 -9999.00 -9999.00 -9999.00 -9999.00 -9999.00 -9999.00 -9999.00 -9999.00 -9999.00 -9999.00 -9999.00 -9999.00 -9999.00 -9999.00 -9999.00 -9999.00 -9999.00 -9999.00
2.13 2.95 3.18 2.31 2.57 1.84 2.68 4.29 4.26 4.39 1.49 3.08 3.61 2.87 2.75 2.20 0.46 3.04 5.11 7.01 5.92 1.69 2.55 3.95 4.39 4.69 5.19 4.78 2.82 2.28 3.33 3.50 0.28 6.28 6.96 3.82 1.54 2.34 2.89 2.70 1.98 2.55 3.76 4.30 3.23 1.23 1.06 -9999.00 -9999.00 -9999.00 -9999.00 -9999.00 -9999.00 -9999.00 -9999.00 -9999.00 1.82 3.01 -9999.00 -9999.00 -9999.00 -9999.00 -9999.00 -9999.00 -9999.00 -9999.00 -9999.00 -9999.00 -9999.00
1.23 3.65 2.93 1.98 2.27 1.79 4.28 3.75 1.65 4.42 3.76 0.76 3.11 2.76 2.24 2.87 2.06 2.23 3.55 4.63 5.69 5.66 4.85 3.30 1.70 1.53 2.49 2.96 2.40 3.42 3.56 0.34 6.02 8.87 6.24 4.53 4.34 1.05 1.17 1.99 3.28 3.36 2.72 2.26 2.49 2.23 1.80 3.75 3.60 -9999.00 -9999.00 -9999.00 -9999.00 -9999.00 -9999.00 2.49 1.67 3.23 3.71 3.33 2.43 -9999.00 -9999.00 -9999.00 -9999.00 -9999.00 -9999.00 -9999.00 -9999.00
1.87 3.84 4.24 3.83 3.00 1.13 4.73 3.08 1.97 3.03 4.66 0.65 2.75 2.49 1.84 2.79 2.88 2.61 2.44 3.09 3.21 2.40 3.23 4.03 4.12 4.24 3.05 1.25 3.16 3.59 0.32 5.55 7.74 5.69 2.54 1.81 4.32 4.02 1.32 2.81 1.80 1.36 1.96 3.36 3.60 0.86 3.25 3.80 2.64 2.60 2.62 2.88 2.39 2.52 2.21 0.78 0.56 0.15 1.33 1.41 2.22 3.28 -9999.00 -9999.00 -9999.00 -9999.00 -9999.00 -9999.00 -9999.00
0.81 2.78 3.37 3.77 2.98 1.80 5.45 2.98 3.00 1.51 4.33 1.97 2.23 3.24 2.66 2.72 3.09 1.98 0.56 3.21 3.79 1.90 1.23 1.36 1.91 3.29 4.14 2.16 1.30 0.20 3.54 6.06 4.00 3.15 3.63 3.02 1.24 3.70 1.47 2.09 1.82 1.98 3.00 4.20 2.69 2.33 3.77 3.14 2.44 0.87 1.31 0.86 0.61 1.05 0.80 1.89 3.20 3.77 3.40 1.72 1.06 3.21 2.80 2.35 3.85 1.51 -9999.00 -9999.00 -9999.00
2.17 1.04 3.74 4.24 2.83 3.29 5.00 2.93 2.98 2.19 3.00 3.05 0.86 2.67 2.77 2.66 2.49 2.39 1.56 2.94 4.10 2.33 1.26 1.22 1.67 2.20 3.46 3.75 1.20 3.54 5.74 4.21 1.31 2.63 3.30 3.63 2.49 1.56 4.19 5.13 4.58 3.91 3.61 4.29 3.40 2.83 5.13 4.20 2.96 2.14 0.82 2.64 4.12 4.40 3.10 2.92 2.51 2.08 2.80 3.11 1.08 2.43 3.54 3.15 3.34 1.04 2.56 -9999.00 -9999.00
4.56 0.89 3.24 4.16 3.72 4.40 4.01 3.01 2.31 3.55 3.00 2.85 1.38 2.13 3.77 3.50 3.32 4.08 4.17 3.59 3.11 2.06 1.33 1.13 1.86 2.81 3.42 3.09 1.17 6.21 7.25 5.14 3.55 2.59 1.70 0.78 3.14 2.34 2.05 1.83 0.49 0.61 1.92 3.82 4.06 0.42 4.34 4.58 2.50 1.87 4.23 5.50 4.94 4.99 4.63 2.44 0.38 2.87 2.71 2.33 1.96 0.48 1.67 2.15 1.79 0.56 1.93 3.05 3.33
