hydro/data/static_data/land/marche.dem.txt
ncols   643
nrows   534
xllcorner    12.0418
yllcorner    42.5206
cellsize    0.003003
NODATA_value -9999
[rows 310 to 340 of 534, columns 420 to 489 of 643]
449.5 415.2 376.8 351.2 340.9 329.7 324.1 318.2 311.9 280.7 274.9 263.1 255.9 249.8 246.3 242.5 233.1 265.2 322.7 357.2 379.8 360.2 366.6 347.9 313.2 293.2 249.2 245.3 288.2 296.9 314.1 331.6 331.6 302.8 265.0 232.1 200.8 170.7 158.2 162.0 162.7 153.6 161.2 214.6 248.8 244.1 227.0 217.5 206.3 203.1 213.7 230.4 243.0 259.9 279.0 271.1 244.4 236.9 240.3 228.7 227.7 231.7 241.5 252.5 274.7 282.5 268.6 265.1 234.5 197.8
471.5 442.2 393.0 355.0 361.1 367.7 370.2 367.4 367.8 364.0 352.8 331.8 307.6 301.3 273.0 236.9 266.1 309.3 365.4 397.7 401.7 385.7 372.4 331.2 305.9 288.6 242.5 254.4 300.8 317.0 336.5 349.2 339.4 307.1 267.7 231.8 176.8 168.3 206.2 237.9 228.6 199.5 210.8 236.3 261.6 271.7 259.9 247.2 233.4 218.7 219.2 225.1 246.0 272.6 299.5 306.3 298.4 303.8 311.2 296.8 283.6 284.8 283.7 278.5 279.4 262.4 225.4 223.3 218.6 191.6
482.1 439.6 406.9 401.2 418.0 432.6 436.9 431.6 432.3 429.5 408.4 381.2 362.2 329.4 263.7 244.0 310.3 340.6 389.2 420.6 415.7 395.5 365.9 328.1 309.7 288.3 242.1 277.8 320.2 344.1 359.6 350.1 315.8 279.2 247.3 222.9 215.1 232.3 261.8 279.6 251.7 213.4 226.9 245.1 257.7 269.7 278.9 277.6 258.5 253.4 262.9 263.0 286.2 303.7 309.0 320.2 333.2 328.5 314.5 279.2 273.3 265.9 261.0 260.6 237.5 232.8 232.2 200.3 192.5 173.5
474.1 453.3 451.8 457.6 473.1 477.3 472.8 470.8 462.6 468.7 447.6 411.5 366.1 316.5 249.1 271.4 352.9 378.5 413.8 438.6 422.9 386.3 352.7 326.8 312.4 289.2 245.4 283.8 330.1 355.1 372.4 356.0 314.9 272.4 236.2 234.7 266.7 293.2 308.7 293.9 251.9 219.7 227.2 228.5 233.9 253.7 281.1 303.2 297.1 294.2 292.0 267.2 252.9 270.1 299.5 325.3 333.3 305.9 263.1 234.6 234.0 234.4 257.0 263.7 226.0 217.0 235.0 217.8 178.8 144.7
433.3 420.2 438.5 463.6 463.0 437.5 416.4 422.8 404.0 427.0 419.9 384.4 354.0 303.9 242.3 286.9 360.7 395.7 421.5 445.3 431.1 394.3 367.1 332.8 309.7 273.9 249.0 300.9 345.3 371.1 389.1 362.7 317.0 275.9 243.0 258.5 300.2 338.6 332.4 291.1 250.6 246.2 254.5 266.6 269.9 275.9 286.4 299.4 295.8 299.3 278.9 243.4 235.3 263.8 292.3 308.2 315.2 312.5 286.8 242.2 216.5 224.7 246.0 255.9 236.8 201.7 199.9 201.4 139.6 111.7
415.6 383.1 390.2 400.9 393.4 375.2 353.1 358.0 342.0 366.6 373.5 350.5 293.6 253.3 245.3 286.8 324.2 371.8 421.1 446.5 437.9 395.1 356.3 328.6 304.8 259.2 266.4 319.3 352.7 381.7 394.1 362.0 315.8 272.7 260.5 293.3 337.6 376.7 349.8 305.2 282.9 291.8 288.0 293.8 287.6 264.3 256.4 257.2 251.5 270.4 267.4 231.7 221.7 242.0 266.9 295.7 310.2 314.8 304.0 267.9 223.4 209.6 234.8 241.7 212.8 201.6 160.4 130.2 111.9 128.5
435.2 392.2 358.7 349.9 341.9 332.8 322.6 318.3 311.6 312.8 320.4 304.8 253.8 272.6 311.7 331.0 341.5 353.7 408.6 450.9 436.0 389.9 352.8 326.2 280.1 258.0 291.7 330.7 356.2 382.6 398.6 385.9 342.2 303.5 303.1 334.0 382.9 407.6 365.5 332.9 324.8 311.6 289.3 264.7 246.0 231.6 222.3 223.4 228.5 252.1 250.4 220.6 220.6 249.2 255.7 268.3 277.2 273.8 264.8 254.5 238.2 206.2 190.8 169.5 151.0 145.6 118.8 119.9 154.4 196.4
431.0 402.5 388.6 386.2 387.8 375.8 362.6 353.8 344.8 328.1 305.8 259.5 264.4 336.8 381.5 385.8 400.4 397.4 418.3 450.1 419.9 377.4 334.7 300.9 264.5 270.1 316.8 341.2 364.5 392.3 412.8 414.4 389.4 355.9 352.7 370.7 419.3 432.0 401.9 378.2 339.5 303.4 274.0 249.4 237.5 233.6 226.4 218.0 207.6 211.9 218.9 203.9 224.3 236.4 214.5 234.2 261.1 241.6 217.0 235.6 239.5 205.2 162.8 123.9 126.0 123.1 132.8 169.2 193.5 214.0
414.2 408.9 418.5 434.8 441.1 415.0 399.4 392.9 381.1 360.3 326.3 260.3 294.2 362.8 390.0 387.9 407.2 436.6 449.7 422.7 359.3 311.9 293.3 280.1 267.7 266.0 298.3 345.6 367.4 377.2 388.4 400.1 415.1 414.9 410.6 422.4 449.8 462.5 433.5 399.4 358.3 319.1 287.8 272.1 282.5 279.6 271.0 258.2 230.2 205.7 178.4 167.9 186.3 185.9 164.1 165.9 166.3 152.4 145.7 175.1 186.9 163.1 125.9 139.1 192.5 204.2 204.4 207.0 200.6 208.7
368.9 369.1 401.4 426.7 410.0 377.1 355.3 343.0 336.1 325.1 297.2 254.1 294.1 327.4 345.0 371.4 417.1 449.2 428.4 374.4 307.5 317.4 346.8 324.0 275.7 271.9 306.6 346.0 355.4 360.4 373.3 398.4 426.8 448.4 447.6 442.6 439.4 425.7 417.1 413.6 389.9 355.6 326.9 325.4 329.9 317.5 302.3 284.1 259.6 236.1 184.7 144.2 138.0 140.1 144.4 154.1 160.1 154.3 147.2 135.0 132.1 129.2 133.9 190.9 227.3 248.2 263.6 267.7 250.9 260.9
353.4 374.9 399.5 399.5 366.7 341.3 339.0 338.7 332.9 324.6 293.8 263.4 330.7 361.7 386.1 409.6 432.7 434.4 400.2 358.3 340.2 387.9 402.8 343.8 277.9 296.1 336.5 364.2 391.5 403.2 411.0 428.0 451.9 457.6 417.8 380.9 379.8 371.9 358.2 379.6 384.2 357.5 338.9 333.5 314.7 303.8 284.1 260.3 238.3 210.4 159.5 145.4 179.8 214.5 234.0 251.8 271.5 250.7 231.1 205.6 182.9 154.1 151.7 206.3 235.3 260.0 271.6 266.3 258.6 258.8
368.4 392.3 404.4 387.4 373.1 379.1 395.0 401.5 391.0 362.4 305.8 265.0 336.0 366.3 368.6 377.8 412.3 432.1 406.2 370.6 356.1 401.8 409.8 358.4 288.3 295.6 343.2 371.0 404.0 427.2 436.6 451.7 455.7 432.0 383.7 335.2 327.4 332.5 311.6 307.8 312.2 304.3 292.1 301.8 277.6 269.2 268.6 241.4 204.7 154.0 145.0 184.6 245.0 281.4 307.6 335.0 340.1 297.3 256.5 231.7 209.4 175.9 151.1 195.1 210.6 216.3 225.6 230.2 236.2 255.9
358.6 374.7 396.5 417.2 431.6 441.5 441.9 420.9 391.0 363.5 326.7 265.8 294.2 332.8 351.4 368.1 402.3 446.0 434.6 398.9 365.9 389.2 401.0 355.8 294.5 293.5 343.9 360.7 377.0 396.7 421.6 443.4 429.3 390.3 355.8 324.0 286.4 290.8 278.5 249.9 227.9 221.8 213.4 230.6 229.0 229.4 248.2 217.9 162.8 144.8 186.5 236.7 262.3 289.3 318.2 345.1 331.9 299.6 277.0 259.8 223.7 176.2 158.9 207.9 225.8 243.3 269.7 280.0 274.0 264.9
380.9 394.3 412.1 442.7 457.6 441.1 405.9 370.8 342.1 330.3 307.7 266.2 310.4 360.3 399.6 429.2 449.6 473.3 467.7 431.9 381.9 389.8 402.9 355.0 301.5 289.8 345.8 379.7 401.1 414.5 435.9 433.7 398.8 359.5 323.1 293.3 261.5 241.4 212.3 206.9 193.3 195.9 192.5 178.2 171.0 166.8 174.7 154.0 152.8 186.4 210.1 217.5 225.3 240.9 263.0 299.0 336.5 348.4 321.9 288.8 233.3 162.7 185.0 220.4 225.8 238.7 272.2 311.3 325.7 317.5
436.0 440.8 427.4 416.0 414.5 410.2 400.3 378.3 359.5 334.1 281.5 285.5 345.8 364.7 402.7 453.1 503.0 514.6 489.1 433.1 382.0 403.9 408.2 360.7 307.6 290.6 331.8 378.0 404.6 428.8 431.4 393.3 349.6 317.9 288.3 269.8 260.1 272.8 283.3 293.8 280.8 282.9 274.0 243.8 212.8 162.2 161.7 194.5 237.9 262.6 261.3 255.1 237.4 241.5 281.8 320.2 355.6 336.9 283.0 245.5 197.1 168.5 229.7 256.7 265.7 271.1 288.4 310.3 310.5 322.0
459.8 434.2 398.0 373.0 363.1 357.5 353.7 350.2 345.5 304.4 272.9 316.6 380.9 405.9 435.3 476.2 519.5 504.6 464.8 413.1 395.6 428.0 411.7 370.3 338.2 296.0 325.5 397.2 431.0 440.5 414.4 356.8 314.8 306.7 306.6 303.4 311.8 321.8 345.6 356.4 339.1 321.3 293.2 256.1 209.6 155.4 209.7 268.9 284.3 303.4 308.1 300.5 284.0 273.7 284.4 312.1 346.8 340.1 303.5 270.1 200.9 169.4 224.3 246.3 265.5 283.8 281.3 261.7 260.3 286.6
442.2 429.2 412.6 408.7 398.4 380.8 354.0 320.3 300.9 275.9 302.2 335.2 352.8 377.2 411.0 461.5 504.4 476.7 429.4 404.1 445.4 454.0 415.7 377.4 349.6 302.0 338.0 401.1 439.8 452.0 418.1 371.8 368.7 374.4 373.1 364.3 381.2 377.9 384.2 369.9 334.0 301.0 275.7 253.3 202.4 158.2 218.1 237.7 247.0 263.8 268.7 278.0 294.3 323.2 345.3 358.0 364.2 335.2 292.9 246.6 182.5 175.4 180.1 211.5 233.2 234.8 228.9 253.9 287.2 291.0
467.5 455.9 427.8 392.6 371.2 359.4 320.0 306.9 307.5 284.7 325.1 376.4 404.1 431.1 456.6 491.2 496.4 457.7 420.3 428.0 480.2 488.8 444.6 393.2 362.6 310.2 322.2 391.8 429.0 449.2 446.9 435.3 442.4 437.6 423.0 409.9 405.6 394.5 383.1 361.8 336.4 302.1 265.8 235.3 174.6 165.0 220.5 237.4 248.5 258.5 270.0 286.0 299.1 327.7 377.2 391.6 357.8 314.9 267.0 218.6 226.8 261.4 219.5 188.4 206.2 223.1 224.6 235.1 249.6 251.9
449.3 434.7 407.2 375.5 381.0 384.3 377.3 396.9 379.1 304.0 328.4 398.0 453.7 488.9 507.1 517.8 492.1 460.0 429.3 468.6 508.7 486.5 441.4 402.8 373.2 320.8 321.7 391.0 430.2 466.2 468.8 447.2 425.8 413.3 403.7 379.3 367.7 354.4 337.8 326.3 314.8 304.7 280.4 240.2 168.7 182.2 259.0 287.4 307.7 320.9 329.8 341.0 355.7 377.1 384.1 366.3 332.2 295.0 258.3 239.4 296.2 331.8 315.4 290.0 279.9 264.7 259.8 238.9 231.7 249.4
424.4 429.9 420.3 403.5 422.8 430.5 421.9 410.6 375.1 316.3 316.3 389.3 427.3 444.3 461.4 488.2 492.0 463.7 467.3 513.2 522.7 489.5 453.0 426.7 379.9 314.8 333.8 405.7 457.0 486.1 448.1 395.0 356.5 345.1 356.3 333.1 323.6 319.4 293.7 281.1 277.5 273.9 262.8 209.5 160.7 207.8 275.6 307.5 335.1 329.2 317.8 324.5 348.4 389.6 398.3 363.1 318.6 281.6 251.9 248.1 276.5 302.4 324.8 341.5 330.6 313.5 305.2 269.6 244.5 280.9
427.6 443.7 452.9 460.5 476.3 475.8 451.3 421.5 405.7 372.1 320.0 357.8 380.9 405.5 443.1 486.8 500.8 491.3 521.1 551.7 545.8 512.2 471.2 429.0 379.8 322.1 320.5 389.4 446.7 478.3 446.5 391.7 335.5 290.0 300.7 283.2 271.0 259.9 242.8 233.8 229.2 219.1 201.2 173.1 165.8 242.9 299.5 308.2 289.1 270.7 283.3 316.8 354.9 403.1 409.7 374.8 323.3 283.6 265.3 282.3 265.4 266.6 287.1 324.6 345.3 359.4 334.0 296.3 262.1 270.9
447.8 476.4 496.6 521.3 540.9 521.9 486.4 434.3 400.6 380.1 358.6 377.6 419.4 457.7 498.3 533.8 537.9 539.9 561.8 556.5 525.1 487.0 448.6 417.9 385.6 351.9 319.1 378.4 431.0 454.2 421.5 372.5 313.3 242.8 233.1 227.7 215.9 209.1 212.1 214.8 211.5 205.2 211.6 209.0 171.6 205.7 258.4 251.5 233.6 267.8 315.6 333.0 341.6 355.5 372.1 381.0 344.2 319.3 302.5 329.0 341.2 325.0 305.4 329.8 356.0 364.6 337.6 302.8 292.9 310.9
452.6 493.2 532.6 583.3 587.1 539.0 496.6 459.1 437.5 419.8 384.1 373.9 401.7 441.4 482.2 512.7 531.9 548.6 555.9 523.0 484.3 443.4 416.4 398.6 377.5 334.9 325.0 380.5 419.8 422.3 380.2 312.8 255.1 254.3 307.7 323.5 306.1 296.4 298.4 308.0 317.2 312.6 303.9 277.5 202.6 173.1 192.1 195.5 192.3 222.2 259.2 279.8 298.5 329.5 376.5 403.4 398.9 384.4 365.5 394.1 409.5 373.6 351.5 376.2 400.4 384.7 360.1 342.8 371.8 404.3
461.3 507.0 554.7 609.9 630.0 598.5 559.5 528.5 501.1 457.9 409.5 390.7 404.8 412.4 426.9 455.4 492.1 532.7 536.8 511.4 484.8 458.9 432.0 392.6 347.2 325.8 353.7 396.3 422.1 402.9 339.8 268.6 277.3 322.5 369.4 394.1 388.6 377.8 369.1 371.2 356.3 325.0 290.9 256.9 192.8 189.3 255.2 269.0 236.9 201.5 239.5 310.7 342.4 377.2 395.6 383.9 406.1 418.8 406.8 441.1 449.6 426.9 413.4 419.3 424.9 404.1 395.8 416.3 438.7 433.1
467.4 514.9 565.5 617.6 664.1 659.3 621.7 587.3 529.2 475.6 429.6 426.1 458.7 480.2 471.3 508.6 545.7 560.9 551.2 526.2 490.0 456.5 419.2 360.6 332.5 347.7 381.9 405.5 426.1 388.0 300.8 289.5 351.3 385.7 416.8 430.6 410.6 381.9 362.8 351.6 326.3 298.0 247.7 198.6 185.5 236.4 282.3 308.4 290.8 231.1 215.3 270.8 310.7 327.3 324.8 357.0 377.9 375.9 385.1 408.2 425.2 432.9 387.9 366.3 375.8 379.5 431.8 454.7 432.7 393.6
515.2 549.7 602.3 652.7 672.4 649.5 606.9 574.2 517.4 479.0 457.5 470.4 505.8 544.0 546.5 551.1 543.1 512.4 490.9 488.0 456.0 420.8 382.2 345.9 340.2 381.4 401.9 417.4 401.2 334.3 302.5 352.8 407.7 421.8 427.0 410.9 367.8 331.6 293.2 276.0 253.0 227.2 192.9 198.1 250.4 311.7 331.4 340.5 320.6 273.9 220.4 226.7 232.7 244.3 254.7 301.8 338.1 358.4 381.1 401.1 415.5 409.0 371.5 330.1 321.9 347.3 391.7 404.3 413.5 402.4
575.5 604.5 635.2 679.6 676.1 646.5 605.9 568.9 538.5 517.0 517.9 539.2 549.7 554.1 563.0 556.5 530.6 498.2 461.1 437.8 422.8 396.8 348.9 350.8 377.3 409.9 432.4 440.2 398.7 347.8 386.8 427.7 445.6 412.0 371.6 357.2 319.8 249.8 217.9 206.8 210.9 210.0 199.0 219.1 283.7 326.3 358.9 367.1 340.0 312.3 281.3 285.8 291.7 293.8 327.0 333.8 343.4 364.9 386.6 408.4 404.2 369.2 341.3 328.1 305.7 322.5 356.6 356.6 364.9 387.1
593.8 632.9 679.8 712.2 716.3 694.4 652.1 620.0 609.9 590.2 589.5 582.3 550.9 512.1 502.8 522.3 512.3 490.2 462.2 417.6 388.4 364.2 351.1 387.2 417.9 441.6 464.3 471.0 422.4 391.7 432.3 462.8 453.5 405.9 357.9 284.2 237.9 228.6 260.4 284.3 307.4 308.6 277.0 250.5 277.9 316.9 336.1 337.4 348.1 351.4 324.1 317.5 347.8 349.4 377.0 408.7 414.2 404.4 402.3 398.0 376.8 352.9 319.4 303.7 291.3 309.1 339.9 336.7 313.6 331.7
619.5 646.6 662.1 702.9 706.3 693.9 681.2 663.0 638.8 627.8 612.6 579.7 543.2 504.9 470.7 475.2 468.4 439.7 417.6 376.7 359.7 374.0 408.0 430.7 429.4 440.4 476.0 469.5 420.6 424.1 451.3 464.2 429.6 378.9 317.4 248.1 270.5 324.2 353.3 367.3 366.0 364.0 329.1 285.1 272.8 293.5 318.6 344.1 369.8 389.0 375.5 372.1 399.6 419.4 421.5 442.3 434.6 429.2 413.2 366.8 333.5 329.9 319.6 296.0 279.9 297.0 317.8 311.1 291.5 308.8
606.3 594.3 619.9 659.3 640.6 616.8 613.7 608.1 592.5 571.7 558.7 536.5 516.1 483.5 444.0 426.9 408.5 380.9 371.2 367.0 393.5 456.7 484.9 472.6 452.8 455.1 474.7 472.1 458.1 454.7 483.8 480.1 441.2 386.9 322.9 255.3 318.1 378.0 413.9 434.1 423.3 383.4 340.6 296.7 302.8 344.8 373.5 399.2 403.5 395.0 395.5 407.7 404.7 403.6 413.0 424.9 392.3 385.9 397.7 366.7 339.9 326.1 309.8 292.5 280.0 278.6 284.5 279.1 271.4 267.1
552.8 549.8 575.6 604.2 593.2 569.4 552.0 539.9 534.1 514.0 488.4 466.8 441.6 408.9 388.5 383.1 381.5 389.6 405.0 413.6 439.4 489.9 527.4 517.6 490.6 497.1 500.5 506.3 515.3 504.3 520.1 496.2 444.1 394.4 350.2 283.8 308.2 363.8 397.9 434.9 447.7 395.3 340.7 324.5 358.8 396.1 410.8 384.9 361.3 339.9 362.1 370.0 353.8 365.6 408.9 436.1 406.6 368.8 348.7 333.7 324.4 324.8 307.8 284.4 276.8 270.5 267.8 265.1 260.5 253.9
