hydro/data/static_data/land/marche.aspect.txt
ncols	643
nrows	534
xllcorner	12.041800
yllcorner	42.520600
cellsize	0.003003
NODATA_value	-9999.000000
[rows 174 to 202 of 534, columns 469 to 535 of 643]
-9999.00 -9999.00 -9999.00 -9999.00 -9999.00 -9999.00 -9999.00 -9999.00 -9999.00 -9999.00 -9999.00 -9999.00 -9999.00 -9999.00 -9999.00 -9999.00 -9999.00 -9999.00 -9999.00 -9999.00 -9999.00 -9999.00 -9999.00 -9999.00 -9999.00 -9999.00 -9999.00 -9999.00 -9999.00 -9999.00 -9999.00 -9999.00 -9999.00 -9999.00 -9999.00 -9999.00 -9999.00 -9999.00 -9999.00 -9999.00 -9999.00 -9999.00 -9999.00 -9999.00 -9999.00 -9999.00 -9999.00 -9999.00 -9999.00 -9999.00 -9999.00 -9999.00 -9999.00 -9999.00 -9999.00 -9999.00 -9999.00 -9999.00 -9999.00 -9999.00 -9999.00 -9999.00 -9999.00 -9999.00 -9999.00 -9999.00 -9999.00
-9999.00 -9999.00 -9999.00 -9999.00 -9999.00 -9999.00 -9999.00 -9999.00 -9999.00 -9999.00 -9999.00 -9999.00 -9999.00 -9999.00 -9999.00 -9999.00 -9999.00 -9999.00 -9999.00 -9999.00 -9999.00 -9999.00 -9999.00 -9999.00 -9999.00 -9999.00 -9999.00 -9999.00 -9999.00 -9999.00 -9999.00 -9999.00 -9999.00 -9999.00 -9999.00 -9999.00 -9999.00 -9999.00 -9999.00 -9999.00 -9999.00 -9999.00 -9999.00 -9999.00 -9999.00 -9999.00 -9999.00 -9999.00 -9999.00 -9999.00 -9999.00 -9999.00 -9999.00 -9999.00 -9999.00 -9999.00 -9999.00 -9999.00 -9999.00 -9999.00 -9999.00 -9999.00 -9999.00 -9999.00 -9999.00 -9999.00 -9999.00
-9999.00 -9999.00 -9999.00 -9999.00 -9999.00 -9999.00 -9999.00 -9999.00 -9999.00 -9999.00 -9999.00 -9999.00 -9999.00 -9999.00 -9999.00 -9999.00 -9999.00 -9999.00 -9999.00 -9999.00 -9999.00 -9999.00 -9999.00 -9999.00 -9999.00 -9999.00 -9999.00 -9999.00 -9999.00 -9999.00 -9999.00 -9999.00 -9999.00 -9999.00 -9999.00 -9999.00 -9999.00 -9999.00 -9999.00 -9999.00 -9999.00 -9999.00 -9999.00 -9999.00 -9999.00 -9999.00 -9999.00 -9999.00 -9999.00 -9999.00 -9999.00 -9999.00 -9999.00 -9999.00 -9999.00 -9999.00 -9999.00 -9999.00 -9999.00 -9999.00 -9999.00 -9999.00 -9999.00 -9999.00 -9999.00 -9999.00 -9999.00
-9999.00 -9999.00 -9999.00 -9999.00 -9999.00 -9999.00 -9999.00 -9999.00 -9999.00 -9999.00 -9999.00 -9999.00 -9999.00 -9999.00 -9999.00 -9999.00 -9999.00 -9999.00 -9999.00 -9999.00 -9999.00 -9999.00 -9999.00 -9999.00 -9999.00 -9999.00 -9999.00 -9999.00 -9999.00 -9999.00 -9999.00 -9999.00 -9999.00 -9999.00 -9999.00 -9999.00 -9999.00 -9999.00 -9999.00 -9999.00 -9999.00 -9999.00 -9999.00 -9999.00 -9999.00 -9999.00 -9999.00 -9999.00 -9999.00 -9999.00 -9999.00 -9999.00 -9999.00 -9999.00 -9999.00 -9999.00 -9999.00 -9999.00 -9999.00 -9999.00 -9999.00 -9999.00 -9999.00 -9999.00 -9999.00 -9999.00 -9999.00
171.79 293.01 308.75 314.18 316.27 318.81 344.23 94.24 115.37 120.97 -9999.00 -9999.00 -9999.00 -9999.00 -9999.00 -9999.00 -9999.00 -9999.00 -9999.00 -9999.00 -9999.00 -9999.00 -9999.00 -9999.00 117.04 197.21 237.38 -9999.00 -9999.00 -9999.00 -9999.00 -9999.00 -9999.00 -9999.00 -9999.00 -9999.00 -9999.00 -9999.00 -9999.00 -9999.00 -9999.00 -9999.00 -9999.00 -9999.00 -9999.00 -9999.00 -9999.00 -9999.00 -9999.00 -9999.00 -9999.00 -9999.00 -9999.00 -9999.00 -9999.00 -9999.00 -9999.00 -9999.00 -9999.00 -9999.00 -9999.00 -9999.00 -9999.00 -9999.00 -9999.00 -9999.00 -9999.00
279.97 293.08 298.49 298.96 280.44 266.75 126.79 106.34 109.55 111.73 110.57 120.81 171.43 -9999.00 -9999.00 -9999.00 -9999.00 -9999.00 -9999.00 -9999.00 -9999.00 -9999.00 -9999.00 99.97 110.72 295.63 319.00 337.23 311.22 231.97 220.72 210.18 -9999.00 -9999.00 -9999.00 -9999.00 -9999.00 -9999.00 -9999.00 -9999.00 -9999.00 -9999.00 -9999.00 -9999.00 -9999.00 -9999.00 -9999.00 -9999.00 -9999.00 -9999.00 -9999.00 -9999.00 -9999.00 -9999.00 -9999.00 -9999.00 -9999.00 -9999.00 -9999.00 -9999.00 -9999.00 -9999.00 -9999.00 -9999.00 -9999.00 -9999.00 -9999.00
304.15 288.52 277.63 222.77 206.87 207.95 172.69 123.62 82.41 57.12 38.66 33.22 43.28 115.37 179.35 184.90 203.12 -9999.00 -9999.00 -9999.00 -9999.00 -9999.00 124.87 114.78 123.22 294.33 310.24 355.59 95.88 176.50 202.53 198.56 195.05 199.32 -9999.00 -9999.00 -9999.00 -9999.00 -9999.00 -9999.00 -9999.00 -9999.00 -9999.00 -9999.00 -9999.00 -9999.00 -9999.00 -9999.00 -9999.00 -9999.00 -9999.00 -9999.00 -9999.00 -9999.00 -9999.00 -9999.00 -9999.00 -9999.00 -9999.00 -9999.00 -9999.00 -9999.00 -9999.00 -9999.00 -9999.00 -9999.00 -9999.00
332.80 309.30 274.48 156.64 182.91 201.51 196.62 204.20 16.31 22.63 28.54 39.61 48.14 46.78 59.38 106.14 202.71 205.09 195.50 202.75 211.76 168.91 127.95 121.88 263.98 279.17 239.90 155.18 151.91 185.16 275.79 271.93 242.42 258.26 -9999.00 -9999.00 -9999.00 -9999.00 -9999.00 -9999.00 -9999.00 -9999.00 -9999.00 -9999.00 -9999.00 -9999.00 -9999.00 -9999.00 -9999.00 -9999.00 -9999.00 -9999.00 -9999.00 -9999.00 -9999.00 -9999.00 -9999.00 -9999.00 -9999.00 -9999.00 -9999.00 -9999.00 -9999.00 -9999.00 -9999.00 -9999.00 -9999.00
356.09 357.52 101.91 130.08 167.82 225.32 248.39 267.29 301.61 17.39 45.00 55.63 58.57 60.72 69.69 77.49 115.28 188.73 205.21 219.47 219.80 182.10 116.60 114.29 243.58 230.05 179.92 157.33 303.77 319.10 333.88 354.61 357.02 335.69 -9999.00 -9999.00 -9999.00 -9999.00 -9999.00 -9999.00 -9999.00 -9999.00 -9999.00 -9999.00 -9999.00 -9999.00 -9999.00 -9999.00 -9999.00 -9999.00 -9999.00 -9999.00 -9999.00 -9999.00 -9999.00 -9999.00 -9999.00 -9999.00 -9999.00 -9999.00 -9999.00 -9999.00 -9999.00 -9999.00 -9999.00 -9999.00 -9999.00
31.14 78.39 114.01 126.25 210.62 282.97 276.97 242.37 223.28 200.09 93.55 68.81 56.95 49.79 47.68 46.07 43.03 43.18 207.76 217.18 222.25 205.18 123.73 118.09 235.30 212.56 201.23 287.36 320.64 316.82 315.06 341.22 1.34 9.08 -9999.00 -9999.00 -9999.00 -9999.00 -9999.00 -9999.00 -9999.00 -9999.00 -9999.00 -9999.00 -9999.00 -9999.00 -9999.00 -9999.00 -9999.00 -9999.00 -9999.00 -9999.00 -9999.00 -9999.00 -9999.00 -9999.00 -9999.00 -9999.00 -9999.00 -9999.00 -9999.00 -9999.00 -9999.00 -9999.00 -9999.00 -9999.00 -9999.00
103.55 117.91 124.14 134.25 286.13 288.13 216.53 193.94 207.12 196.97 173.05 118.08 41.27 30.56 30.87 32.43 35.57 39.03 43.01 121.26 228.37 203.16 147.36 151.79 262.86 302.71 314.11 294.82 286.40 286.82 284.97 284.96 119.76 117.64 114.62 -9999.00 -9999.00 -9999.00 -9999.00 -9999.00 -9999.00 -9999.00 -9999.00 -9999.00 -9999.00 -9999.00 -9999.00 -9999.00 -9999.00 -9999.00 -9999.00 -9999.00 -9999.00 -9999.00 -9999.00 -9999.00 -9999.00 -9999.00 -9999.00 -9999.00 -9999.00 -9999.00 -9999.00 -9999.00 -9999.00 -9999.00 -9999.00
119.22 116.77 123.96 192.21 263.23 234.57 150.50 180.25 203.86 197.72 200.41 218.79 322.00 35.19 50.43 58.81 64.89 71.98 85.74 111.98 207.08 192.57 152.84 221.12 272.99 290.08 311.08 320.38 317.61 300.15 277.59 199.54 149.29 152.06 137.28 123.71 -9999.00 -9999.00 -9999.00 -9999.00 -9999.00 -9999.00 -9999.00 -9999.00 -9999.00 -9999.00 -9999.00 -9999.00 -9999.00 -9999.00 -9999.00 -9999.00 -9999.00 -9999.00 -9999.00 -9999.00 -9999.00 -9999.00 -9999.00 -9999.00 -9999.00 -9999.00 -9999.00 -9999.00 -9999.00 -9999.00 -9999.00
119.99 99.47 80.43 147.27 205.86 184.97 163.32 193.13 231.07 237.85 228.54 224.72 218.21 156.50 116.51 116.10 115.84 109.70 114.58 131.38 185.80 187.39 177.62 261.28 275.87 282.46 289.97 304.14 319.39 314.35 201.10 167.21 137.68 143.59 149.47 140.70 -9999.00 -9999.00 -9999.00 -9999.00 -9999.00 -9999.00 -9999.00 -9999.00 -9999.00 -9999.00 -9999.00 -9999.00 -9999.00 -9999.00 -9999.00 -9999.00 -9999.00 -9999.00 -9999.00 -9999.00 -9999.00 -9999.00 -9999.00 -9999.00 -9999.00 -9999.00 -9999.00 -9999.00 -9999.00 -9999.00 -9999.00
44.34 21.26 26.64 40.69 73.33 164.89 171.80 215.65 244.81 223.91 190.45 216.48 223.94 171.71 102.12 92.97 101.22 108.23 107.03 116.45 178.43 227.79 295.35 288.29 256.85 248.43 238.52 232.57 229.55 160.81 150.35 167.48 155.96 141.78 158.74 274.97 312.67 -9999.00 -9999.00 -9999.00 -9999.00 -9999.00 -9999.00 -9999.00 -9999.00 -9999.00 -9999.00 -9999.00 -9999.00 -9999.00 -9999.00 -9999.00 -9999.00 -9999.00 -9999.00 -9999.00 -9999.00 -9999.00 -9999.00 -9999.00 -9999.00 -9999.00 -9999.00 -9999.00 -9999.00 -9999.00 -9999.00
11.14 2.93 13.72 22.68 24.02 27.84 47.33 214.66 214.38 199.09 209.93 244.63 228.05 206.35 82.86 59.84 57.93 67.01 81.08 93.62 153.10 248.85 274.06 302.74 288.18 241.99 234.83 236.43 234.30 154.25 109.57 138.56 162.65 155.90 262.79 290.45 290.09 -9999.00 -9999.00 -9999.00 -9999.00 -9999.00 -9999.00 -9999.00 -9999.00 -9999.00 -9999.00 -9999.00 -9999.00 -9999.00 -9999.00 -9999.00 -9999.00 -9999.00 -9999.00 -9999.00 -9999.00 -9999.00 -9999.00 -9999.00 -9999.00 -9999.00 -9999.00 -9999.00 -9999.00 -9999.00 -9999.00
166.43 243.09 342.10 19.52 34.91 42.83 42.15 32.74 115.32 220.55 246.31 227.90 191.66 202.89 191.22 115.74 74.79 78.33 88.68 103.40 158.63 224.22 250.04 270.14 323.99 324.77 294.25 243.90 216.97 181.41 123.52 120.06 149.48 210.63 266.17 257.43 234.52 -9999.00 -9999.00 -9999.00 -9999.00 -9999.00 -9999.00 -9999.00 -9999.00 -9999.00 -9999.00 -9999.00 -9999.00 -9999.00 -9999.00 -9999.00 -9999.00 -9999.00 -9999.00 -9999.00 -9999.00 -9999.00 -9999.00 -9999.00 -9999.00 -9999.00 -9999.00 -9999.00 -9999.00 -9999.00 -9999.00
171.50 206.69 219.79 204.60 70.93 59.11 41.62 32.89 43.82 25.32 229.51 202.00 189.74 221.67 221.73 178.69 113.16 108.87 112.07 128.13 189.16 282.19 291.51 296.00 319.09 343.74 2.94 166.50 188.28 185.02 151.55 136.35 164.87 269.20 257.44 237.41 227.14 219.14 221.19 253.37 -9999.00 -9999.00 -9999.00 -9999.00 -9999.00 -9999.00 -9999.00 -9999.00 -9999.00 -9999.00 -9999.00 -9999.00 -9999.00 -9999.00 -9999.00 -9999.00 -9999.00 -9999.00 -9999.00 -9999.00 -9999.00 -9999.00 -9999.00 -9999.00 -9999.00 -9999.00 -9999.00
155.09 213.96 218.96 218.91 176.49 70.59 69.15 77.48 74.03 75.19 210.01 237.32 278.74 325.39 319.78 130.67 110.96 103.26 100.92 121.56 258.55 300.46 309.48 315.95 334.17 45.70 115.60 137.16 169.75 183.81 163.02 160.20 305.99 319.67 323.90 318.74 311.70 316.16 312.58 294.59 270.92 168.03 156.68 197.55 247.43 258.71 261.07 -9999.00 -9999.00 -9999.00 -9999.00 -9999.00 -9999.00 -9999.00 -9999.00 -9999.00 -9999.00 -9999.00 -9999.00 -9999.00 -9999.00 -9999.00 -9999.00 -9999.00 -9999.00 -9999.00 -9999.00
130.04 227.04 231.33 220.93 203.11 151.95 105.45 92.44 74.34 63.46 57.30 252.94 248.68 224.83 165.45 148.08 108.48 90.37 88.70 92.81 287.49 293.53 299.89 309.63 1.10 84.69 106.43 122.61 148.82 186.48 209.84 277.29 277.31 280.40 302.56 321.81 326.39 319.37 308.51 276.33 174.30 153.49 172.89 229.73 245.17 239.06 234.67 231.92 -9999.00 -9999.00 -9999.00 -9999.00 -9999.00 -9999.00 -9999.00 -9999.00 -9999.00 -9999.00 -9999.00 -9999.00 -9999.00 -9999.00 -9999.00 -9999.00 -9999.00 -9999.00 -9999.00
152.69 228.25 222.40 199.30 201.78 184.63 146.01 107.32 65.21 52.42 56.02 189.98 218.45 200.78 181.79 183.33 85.46 72.93 75.67 78.69 264.83 265.69 265.97 265.72 112.57 101.53 105.70 114.31 139.69 278.82 310.24 324.92 306.78 251.23 249.86 265.62 276.77 226.63 221.79 183.60 144.87 154.43 245.18 281.94 274.77 252.84 243.59 235.95 -9999.00 -9999.00 -9999.00 -9999.00 -9999.00 -9999.00 -9999.00 -9999.00 -9999.00 -9999.00 -9999.00 -9999.00 -9999.00 -9999.00 -9999.00 -9999.00 -9999.00 -9999.00 -9999.00
161.10 211.72 189.37 180.29 194.33 185.32 175.60 173.35 177.92 154.81 79.58 64.84 182.68 216.01 221.63 234.31 247.07 67.49 69.68 89.48 186.09 222.34 237.35 228.73 155.84 124.92 123.89 125.69 315.22 317.12 321.37 337.87 354.97 353.48 309.36 265.30 219.52 162.97 195.30 166.09 140.10 248.19 294.68 304.54 306.44 276.30 251.24 -9999.00 -9999.00 -9999.00 -9999.00 -9999.00 -9999.00 -9999.00 -9999.00 -9999.00 -9999.00 -9999.00 -9999.00 -9999.00 -9999.00 -9999.00 -9999.00 -9999.00 -9999.00 -9999.00 -9999.00
11.71 20.78 89.94 152.46 185.96 176.57 173.44 180.74 185.64 183.42 171.09 133.79 123.77 214.28 216.10 195.22 187.35 168.66 140.09 140.50 163.38 198.62 219.36 205.65 172.74 148.01 134.93 267.45 309.73 319.13 325.63 334.72 351.64 5.10 2.75 334.25 39.64 119.26 166.43 156.79 165.79 271.31 273.57 245.68 221.17 215.12 228.41 -9999.00 -9999.00 -9999.00 -9999.00 -9999.00 -9999.00 -9999.00 -9999.00 -9999.00 -9999.00 -9999.00 -9999.00 -9999.00 -9999.00 -9999.00 -9999.00 -9999.00 -9999.00 -9999.00 -9999.00
12.99 20.02 20.37 11.79 4.37 10.77 15.13 18.26 27.35 155.94 173.76 152.70 109.78 174.41 201.07 186.82 182.11 177.57 166.15 155.57 155.78 191.39 209.40 194.18 186.43 188.05 194.58 287.83 299.47 308.58 319.11 328.27 344.42 8.30 18.88 19.97 58.94 83.10 109.34 139.46 244.87 263.20 236.13 212.94 216.55 211.84 218.99 -9999.00 -9999.00 -9999.00 -9999.00 -9999.00 -9999.00 -9999.00 -9999.00 -9999.00 -9999.00 -9999.00 -9999.00 -9999.00 -9999.00 -9999.00 -9999.00 -9999.00 -9999.00 -9999.00 -9999.00
22.30 21.50 14.18 5.19 3.90 9.98 11.65 14.46 13.48 7.90 11.00 9.81 8.51 16.78 10.65 358.63 6.99 16.82 12.30 14.04 10.80 359.96 353.79 74.23 189.19 217.82 235.34 264.91 277.14 283.30 285.14 269.28 233.73 161.40 88.98 97.34 105.41 81.68 79.42 88.73 259.17 251.01 230.13 237.29 234.49 223.60 247.43 -9999.00 -9999.00 -9999.00 -9999.00 -9999.00 -9999.00 -9999.00 -9999.00 -9999.00 -9999.00 -9999.00 -9999.00 -9999.00 -9999.00 -9999.00 -9999.00 -9999.00 -9999.00 -9999.00 -9999.00
170.30 169.60 147.08 157.48 16.61 26.29 21.15 19.17 13.34 12.20 17.95 15.46 12.27 17.83 13.48 2.05 4.96 14.22 8.91 8.04 6.72 358.66 9.92 31.38 55.15 242.29 251.90 262.73 261.84 246.48 216.95 188.80 189.02 192.65 165.77 127.72 136.78 149.23 96.83 86.88 245.62 240.14 229.25 229.04 221.18 246.23 275.44 -9999.00 -9999.00 -9999.00 -9999.00 -9999.00 -9999.00 -9999.00 -9999.00 -9999.00 -9999.00 -9999.00 -9999.00 -9999.00 -9999.00 -9999.00 -9999.00 -9999.00 -9999.00 -9999.00 -9999.00
176.32 184.29 180.01 180.72 185.27 187.96 182.56 180.56 225.00 39.03 49.78 43.68 38.74 41.94 33.84 5.53 4.26 23.40 17.52 22.27 21.27 352.90 28.36 63.68 77.45 270.74 264.90 262.30 236.48 212.52 193.26 179.33 190.03 209.53 200.41 118.93 106.27 144.26 125.84 103.40 215.87 243.00 233.06 228.70 235.04 250.66 249.85 -9999.00 -9999.00 -9999.00 -9999.00 -9999.00 -9999.00 -9999.00 -9999.00 -9999.00 -9999.00 -9999.00 -9999.00 -9999.00 -9999.00 -9999.00 -9999.00 -9999.00 -9999.00 -9999.00 -9999.00
141.78 177.04 172.60 176.21 185.94 192.80 189.03 190.94 201.59 186.28 136.25 115.24 118.06 124.43 135.13 198.57 189.03 91.32 55.80 36.31 23.06 1.05 46.13 73.82 82.05 100.94 252.61 238.45 205.54 197.15 192.76 186.39 212.76 236.96 234.18 133.89 74.19 73.11 95.06 99.75 161.65 233.81 227.30 223.09 221.33 222.51 216.34 -9999.00 -9999.00 -9999.00 -9999.00 -9999.00 -9999.00 -9999.00 -9999.00 -9999.00 -9999.00 -9999.00 -9999.00 -9999.00 -9999.00 -9999.00 -9999.00 -9999.00 -9999.00 -9999.00 -9999.00
22.76 24.51 45.10 72.35 150.87 188.52 188.46 194.40 205.21 196.84 172.73 153.32 135.64 127.69 149.53 199.82 186.38 150.78 170.76 198.75 15.95 49.07 78.01 72.84 70.10 72.16 240.76 235.36 219.09 212.25 236.55 258.19 259.60 240.61 223.22 198.41 125.13 76.59 57.35 60.40 67.90 212.75 211.27 208.85 212.14 217.61 212.00 198.41 -9999.00 -9999.00 -9999.00 -9999.00 -9999.00 -9999.00 -9999.00 -9999.00 -9999.00 -9999.00 -9999.00 -9999.00 -9999.00 -9999.00 -9999.00 -9999.00 -9999.00 -9999.00 -9999.00
20.19 24.67 28.05 25.05 22.76 23.70 35.48 173.78 201.82 195.73 180.53 173.78 160.75 129.15 135.42 216.91 224.63 99.12 127.80 210.86 200.10 144.62 131.70 92.09 65.08 62.08 47.29 243.75 236.70 239.64 265.82 259.43 195.46 201.46 205.75 197.76 178.51 165.00 48.65 40.99 44.04 48.43 187.79 216.20 225.28 222.22 215.83 -9999.00 -9999.00 -9999.00 -9999.00 -9999.00 -9999.00 -9999.00 -9999.00 -9999.00 -9999.00 -9999.00 -9999.00 -9999.00 -9999.00 -9999.00 -9999.00 -9999.00 -9999.00 -9999.00 -9999.00
