hydro/data/static_data/land/marche.aspect.txt
ncols	643
nrows	534
xllcorner	12.041800
yllcorner	42.520600
cellsize	0.003003
NODATA_value	-9999.000000
[rows 145 to 173 of 534, columns 335 to 401 of 643]
148.54 158.60 167.28 354.57 337.05 332.45 328.69 324.95 326.16 330.10 314.54 215.76 172.91 185.29 256.25 312.76 40.70 99.13 155.55 149.28 162.03 251.31 247.32 87.37 70.38 70.41 117.10 151.41 234.40 257.10 237.96 164.93 115.00 176.57 197.07 159.83 187.54 70.80 73.21 79.84 88.63 93.36 106.23 108.36 103.79 41.13 320.86 315.15 319.18 321.57 291.98 290.08 290.49 274.54 319.64 66.97 50.02 315.63 -9999.00 -9999.00 -9999.00 -9999.00 -9999.00 -9999.00 -9999.00 -9999.00 -9999.00
127.37 348.38 345.75 340.34 333.04 329.83 318.95 309.44 313.30 359.88 124.78 177.05 196.95 278.45 292.98 299.95 94.15 104.00 123.01 147.22 212.12 246.22 232.06 165.72 65.86 56.76 56.60 67.26 228.06 223.26 213.52 197.25 114.06 138.83 181.40 164.14 228.51 218.89 108.48 115.87 140.68 139.16 131.31 124.33 105.67 327.75 325.18 320.11 335.12 351.13 347.73 324.71 305.97 307.50 335.56 50.10 41.01 315.22 -9999.00 -9999.00 -9999.00 -9999.00 -9999.00 -9999.00 -9999.00 -9999.00 -9999.00
338.93 339.87 344.00 338.51 331.95 338.21 335.40 314.92 301.40 120.78 129.38 199.95 261.60 264.15 243.95 207.19 121.57 95.90 93.36 112.75 223.72 233.02 213.62 195.92 164.61 55.58 48.43 41.75 32.86 196.75 208.09 207.92 151.77 134.59 169.00 173.33 223.12 191.80 134.82 123.09 129.44 126.91 121.46 121.06 313.11 320.63 318.37 305.95 323.29 353.71 7.71 349.42 324.31 321.48 345.69 34.93 21.17 -9999.00 -9999.00 -9999.00 -9999.00 -9999.00 -9999.00 -9999.00 -9999.00 -9999.00 -9999.00
335.58 330.82 335.44 335.02 330.64 341.90 352.85 316.21 145.54 122.02 135.00 227.46 238.62 226.78 227.18 226.82 115.20 92.25 89.36 94.79 207.57 227.30 212.43 213.35 232.83 359.59 42.16 31.09 31.16 50.67 146.34 190.63 180.07 169.03 178.97 178.43 193.09 179.63 152.49 138.06 134.66 125.89 115.27 311.80 313.38 335.69 312.43 273.26 251.96 174.95 175.12 251.30 286.05 295.78 334.14 25.57 10.32 -9999.00 -9999.00 -9999.00 -9999.00 -9999.00 -9999.00 -9999.00 -9999.00 -9999.00 -9999.00
337.70 323.57 320.98 321.76 319.51 352.47 101.95 158.91 149.87 128.42 148.09 267.09 285.23 298.09 283.19 251.95 134.55 109.59 81.74 72.50 107.55 214.92 221.63 228.57 229.43 230.23 340.89 42.43 50.91 58.24 63.03 86.35 174.49 175.42 182.74 177.54 177.19 185.89 171.46 134.92 134.01 134.75 55.81 306.31 315.85 11.35 19.85 245.38 204.36 176.68 202.09 235.55 237.60 225.81 212.42 246.62 21.67 -9999.00 -9999.00 -9999.00 -9999.00 -9999.00 -9999.00 -9999.00 -9999.00 -9999.00 188.11
348.70 336.72 325.45 321.43 327.19 105.02 120.33 139.70 143.26 134.96 228.12 273.98 266.35 245.27 242.10 192.92 133.82 140.75 111.36 72.07 76.77 220.43 246.88 242.88 228.18 236.10 230.16 128.59 112.64 87.46 57.59 31.40 24.86 23.00 28.73 108.38 151.12 210.58 200.54 141.56 136.07 315.52 318.83 315.39 324.17 21.66 38.88 39.19 249.11 309.04 331.74 329.74 313.34 288.37 275.73 266.25 137.80 136.48 162.45 -9999.00 -9999.00 -9999.00 -9999.00 -9999.00 -9999.00 131.44 184.20
347.59 345.25 332.36 330.96 43.41 94.95 98.30 95.47 98.59 109.92 229.46 227.94 212.32 219.47 240.19 157.49 113.71 146.02 208.18 91.05 81.70 88.12 255.78 246.32 225.38 230.43 207.06 151.01 109.97 87.57 81.75 60.71 36.57 25.41 27.60 48.61 67.82 200.11 184.27 148.74 214.22 310.22 311.54 307.30 304.54 24.98 47.82 49.93 324.55 276.57 275.21 271.99 288.36 308.99 321.38 353.12 120.80 127.21 149.60 189.12 175.97 145.73 176.40 165.86 147.39 127.87 12.43
344.73 307.61 265.75 253.43 86.42 69.42 53.32 51.00 59.52 68.55 166.66 217.15 238.21 262.50 264.30 133.94 111.44 140.13 220.88 131.88 83.64 86.38 226.01 220.12 214.28 207.76 195.65 196.79 56.49 65.61 81.09 103.60 124.89 107.24 89.49 74.40 68.58 83.96 154.41 177.56 299.62 291.24 273.10 223.95 200.87 193.28 119.77 65.34 30.76 263.98 230.16 227.46 255.33 274.97 299.71 50.15 68.17 56.53 48.20 78.75 162.63 138.04 355.97 48.49 43.26 324.96 346.31
116.17 173.62 207.98 204.27 164.07 65.03 46.32 53.93 61.15 63.97 70.99 240.62 254.99 254.00 225.68 143.26 114.16 125.75 214.93 201.42 95.41 83.86 168.75 225.33 214.70 194.92 210.56 229.44 203.12 112.99 97.11 96.61 117.88 124.70 107.46 91.96 77.48 73.35 24.41 317.26 314.88 304.75 235.97 199.03 193.53 207.14 223.53 37.18 7.34 346.33 349.55 343.75 313.99 284.33 286.88 17.04 44.09 51.29 66.57 76.21 24.69 326.64 345.38 20.89 20.21 319.59 326.62
108.93 152.47 204.25 203.42 195.64 191.95 106.93 61.97 51.20 47.87 55.11 54.85 246.33 233.79 191.61 156.53 133.35 122.30 192.17 203.75 154.13 114.58 117.48 192.89 196.43 200.75 204.89 201.47 190.11 153.08 117.73 92.93 77.38 85.08 103.44 118.50 123.77 109.31 319.46 303.40 318.87 352.15 15.86 353.28 9.58 248.98 236.87 253.59 317.88 347.58 16.22 241.65 260.75 271.32 278.28 5.83 96.83 106.64 105.32 19.93 348.52 333.09 341.63 25.22 26.91 348.57 166.43
102.78 122.04 194.63 210.54 212.52 213.74 195.88 108.34 60.87 50.81 60.14 66.54 225.23 210.65 177.02 163.49 158.68 152.54 172.88 187.63 172.85 164.21 165.50 163.56 184.31 194.48 184.03 188.13 188.48 177.68 174.47 165.59 118.59 119.41 131.55 135.74 140.76 53.89 316.47 299.46 301.53 357.68 6.95 353.09 19.08 42.26 234.32 225.09 205.63 177.13 176.61 219.49 278.75 295.95 298.10 93.19 98.35 73.86 8.45 347.04 341.35 332.01 348.58 49.14 43.53 49.44 93.67
95.68 99.78 163.44 228.62 228.14 216.83 198.49 164.68 164.26 112.91 87.39 88.63 136.90 180.92 172.88 162.11 162.81 168.03 175.74 177.97 172.04 171.10 172.79 160.42 179.43 192.57 175.55 185.47 188.55 181.39 189.20 191.46 174.45 149.67 141.38 137.47 332.32 328.07 318.47 287.58 262.77 259.03 315.08 330.66 40.71 62.39 47.05 259.33 206.38 194.22 284.77 310.09 314.12 302.62 257.81 96.54 66.97 34.06 2.64 53.24 218.92 242.54 143.18 130.16 148.66 92.87 49.45
94.31 83.40 96.48 217.92 214.28 218.83 190.68 150.24 182.45 160.05 123.84 126.23 143.77 169.75 173.26 158.28 162.27 309.72 351.26 4.56 1.87 1.56 3.31 7.61 3.72 0.38 14.45 15.96 358.65 45.80 183.04 191.41 177.95 158.20 151.50 327.08 327.56 322.14 314.42 266.28 245.67 239.69 237.42 236.43 84.85 66.53 38.34 336.88 357.70 350.15 312.05 309.29 318.25 157.49 193.57 194.28 118.68 128.37 155.71 161.29 208.30 239.50 134.90 118.18 163.86 194.06 345.41
142.52 84.70 74.21 139.94 215.40 233.09 183.46 132.08 171.28 158.82 137.42 137.57 145.85 205.66 332.24 353.65 345.97 343.50 353.72 2.75 1.48 358.64 359.37 3.81 7.55 9.08 12.43 14.03 12.34 18.18 20.23 23.13 63.33 115.65 289.49 306.02 320.64 320.17 341.94 349.18 261.48 224.29 217.11 228.71 252.87 45.18 38.52 328.58 340.44 353.31 326.93 313.74 65.60 116.33 182.60 210.98 157.01 116.45 129.73 163.31 248.26 262.62 98.84 93.50 124.29 214.54 241.29
183.57 159.99 89.17 66.51 200.87 219.97 180.36 141.23 153.31 152.21 140.47 131.23 334.98 331.66 339.49 344.79 346.50 347.81 356.36 20.15 35.04 359.29 334.68 4.32 16.99 24.34 22.97 27.82 57.01 92.80 123.31 112.21 94.42 2.54 299.11 298.31 304.03 303.12 332.50 21.28 15.13 301.25 313.22 313.80 310.30 1.25 30.94 351.91 322.19 338.96 341.07 320.14 121.14 98.41 128.08 220.49 222.87 76.67 79.54 123.15 253.51 250.33 153.51 99.11 101.59 234.63 257.51
146.87 180.10 168.85 103.74 98.45 182.77 176.17 142.19 135.83 142.93 138.81 328.85 321.51 317.59 315.66 317.04 334.98 32.82 112.53 135.26 132.07 169.87 193.25 190.93 198.87 98.24 93.67 113.25 117.21 133.36 164.78 152.90 41.43 330.97 316.57 324.38 324.41 307.86 313.21 21.09 16.71 328.60 331.76 344.09 336.65 347.44 27.81 3.17 332.84 327.82 115.05 136.83 155.98 118.81 88.63 216.45 234.85 136.05 108.97 148.41 209.24 211.48 183.77 136.44 120.32 267.42 274.22
56.20 90.45 175.06 160.92 134.88 148.57 166.24 145.42 125.81 40.11 327.10 326.71 320.49 314.96 298.18 285.72 277.79 94.17 85.04 68.54 56.32 50.26 122.85 185.86 203.46 172.52 130.86 122.31 121.93 126.20 332.72 352.59 349.66 331.61 328.76 338.70 338.60 337.71 324.37 357.86 352.58 325.71 326.83 15.29 157.74 185.80 173.15 248.51 299.76 131.52 136.80 118.46 136.53 165.38 128.40 156.75 198.61 170.76 146.81 158.08 189.64 194.86 186.80 172.96 178.12 233.01 237.27
79.14 85.49 121.42 147.79 149.29 158.95 172.01 157.74 9.55 330.99 333.74 335.34 313.32 316.19 319.68 321.55 130.82 136.74 118.30 51.49 33.34 31.23 40.97 51.51 171.96 178.80 142.43 113.13 110.76 284.91 309.48 346.20 336.70 317.14 314.91 318.36 317.92 358.39 204.12 274.17 306.67 311.67 38.13 130.11 155.92 185.26 204.35 231.95 175.46 130.37 151.39 143.56 126.84 158.02 158.99 158.60 185.12 168.41 161.94 342.52 1.65 9.22 28.81 148.35 187.90 208.68 196.79
130.40 126.71 139.40 146.54 148.66 171.87 321.05 334.37 338.60 333.13 344.68 1.18 331.53 311.69 316.55 44.51 103.55 127.66 168.05 171.54 178.69 141.18 94.98 64.40 69.11 123.74 140.38 122.02 114.09 278.67 288.81 339.03 331.65 268.80 231.29 214.23 191.36 175.02 230.95 283.75 282.19 257.55 109.69 91.45 100.03 192.37 236.34 212.23 162.50 148.24 163.30 167.29 148.48 152.65 224.39 344.27 356.76 11.14 342.50 328.35 353.89 11.17 19.65 31.45 27.67 304.61 197.86
141.22 131.74 137.47 143.47 341.50 336.56 334.73 322.31 311.65 297.98 310.53 351.28 340.93 334.32 31.76 127.62 86.73 58.08 69.79 135.91 185.91 169.25 159.81 160.02 119.17 125.32 135.87 129.15 336.80 308.96 306.87 345.40 22.21 337.93 232.63 233.07 216.40 297.13 301.83 301.12 264.89 216.57 154.33 86.28 95.83 152.30 195.57 179.39 165.15 163.49 163.25 162.56 175.45 326.33 336.16 334.70 351.81 14.98 358.68 317.03 324.06 41.35 67.78 62.17 21.19 354.44 4.95
139.41 128.94 77.17 329.87 336.16 339.67 348.74 309.24 269.47 257.11 266.11 291.99 310.07 21.10 109.34 136.47 184.73 94.13 52.14 30.75 30.35 78.42 133.64 158.63 139.82 133.58 132.15 329.00 326.49 314.76 299.18 329.55 32.34 37.12 327.58 306.81 328.84 325.22 319.72 331.96 135.81 192.45 176.10 142.33 139.19 153.45 198.68 196.75 37.93 31.59 67.39 57.66 300.04 303.71 309.31 294.56 313.72 26.03 16.35 334.05 339.92 106.40 112.86 101.11 333.15 332.72 6.25
145.05 2.80 328.70 329.55 341.16 353.95 16.64 355.72 324.96 329.34 324.32 319.81 163.51 162.04 127.93 114.56 177.54 186.11 175.16 31.61 56.27 76.19 102.54 128.81 135.57 136.86 322.95 331.62 343.30 313.82 261.01 263.29 20.83 39.43 1.20 313.27 315.74 318.92 329.30 71.82 112.03 161.37 160.85 149.90 144.70 339.24 340.44 353.32 13.83 45.22 58.11 348.94 308.54 271.27 245.30 255.66 224.78 167.74 178.34 290.35 70.43 93.45 94.12 42.26 291.09 291.03 357.92
321.39 329.48 330.72 332.04 345.56 4.27 20.47 3.50 334.46 329.14 329.78 65.88 121.52 159.44 164.98 101.04 111.77 190.78 225.05 186.15 115.94 113.94 114.37 107.22 109.39 298.01 310.43 335.93 17.29 28.67 261.04 243.01 244.14 24.96 0.99 324.61 312.72 295.31 207.44 102.59 97.65 115.04 113.70 350.97 338.95 335.40 340.97 21.46 87.45 100.20 358.69 333.95 349.85 8.53 253.00 219.80 191.77 195.76 252.54 291.86 51.23 69.03 53.72 19.12 279.76 256.41 264.18
309.43 314.40 313.76 305.82 321.83 6.76 37.53 17.83 322.66 300.11 157.17 125.39 120.39 147.49 207.06 111.80 82.12 115.78 226.96 182.64 128.66 114.80 105.01 91.70 71.70 287.52 289.17 322.85 33.58 38.30 10.85 264.59 235.99 240.31 307.48 307.52 307.34 158.29 170.59 149.31 122.53 98.60 332.96 323.32 324.44 314.19 358.29 100.69 100.99 45.88 323.98 325.09 3.17 28.72 31.30 187.71 229.97 276.87 286.49 275.43 44.20 40.81 27.75 22.82 348.40 319.00 317.51
308.08 314.30 317.10 306.82 305.13 62.65 107.03 146.12 202.40 212.75 147.95 107.15 96.84 107.11 200.11 183.41 107.03 82.80 186.50 171.56 144.27 136.29 132.95 116.37 2.12 288.74 290.24 312.66 24.51 31.28 22.12 3.64 319.64 303.92 312.43 314.03 26.10 106.32 147.65 160.86 132.03 25.16 293.20 256.55 247.25 260.42 108.53 99.44 96.56 299.77 275.43 258.58 291.73 24.16 43.10 46.50 280.61 247.89 217.73 209.69 213.33 333.29 30.30 38.28 4.14 324.60 315.70
304.95 308.48 311.04 312.94 296.15 132.09 130.07 150.79 202.72 213.37 180.19 102.55 61.91 54.41 77.21 172.65 170.34 115.72 112.01 140.29 149.79 158.88 152.42 134.55 305.82 299.49 294.58 272.42 324.25 36.30 32.24 3.69 337.65 328.16 332.74 329.12 106.94 106.67 116.05 310.21 337.93 356.47 5.19 296.81 266.62 269.84 105.68 99.04 94.63 268.72 256.57 248.73 268.57 338.61 67.80 64.05 338.10 311.78 315.35 287.79 266.19 250.53 126.45 112.83 153.96 205.02 210.46
269.23 266.78 284.00 297.06 120.02 126.04 119.63 126.66 199.72 201.86 190.76 182.14 151.36 71.88 65.62 84.64 165.70 161.70 127.70 115.30 130.14 164.83 151.88 316.42 304.92 290.07 230.05 211.44 208.23 158.86 163.90 306.13 314.43 316.86 40.06 138.58 142.59 124.61 107.69 304.42 317.00 350.28 22.64 10.88 309.07 297.42 104.43 105.83 92.15 314.89 325.33 327.55 311.47 351.40 76.75 46.40 338.47 346.77 357.58 352.71 310.08 214.78 152.48 117.71 145.96 207.78 203.73
324.52 322.16 318.62 26.50 82.29 68.35 54.21 51.69 62.20 176.45 185.55 190.77 192.39 174.38 107.33 94.07 117.66 152.38 136.60 114.09 101.21 320.47 338.47 323.92 284.74 224.32 194.88 209.93 195.90 187.15 268.14 297.51 301.43 279.24 125.81 132.07 140.95 136.28 281.66 284.47 275.99 279.40 16.34 13.33 346.98 33.91 97.20 97.25 44.51 292.30 307.67 313.73 283.00 3.30 51.07 11.18 334.46 18.59 123.56 156.18 152.34 191.90 185.85 102.58 110.65 218.88 229.72
330.53 304.65 239.53 134.89 108.50 39.69 39.91 38.78 33.48 35.36 57.60 157.82 191.49 192.23 156.64 125.58 122.99 129.94 134.14 126.46 342.73 323.07 342.64 358.14 277.19 223.38 212.94 217.06 226.67 271.13 284.00 284.01 275.38 133.20 128.98 129.08 98.49 353.89 312.18 266.41 228.44 229.96 253.83 355.96 73.18 120.23 120.37 102.72 213.52 245.66 219.40 203.68 219.43 250.35 13.80 41.41 141.65 142.34 147.38 164.29 155.36 198.58 210.41 123.38 112.47 274.76 299.58
