hydro/data/static_data/land/marche.hillshade.txt
ncols	643
nrows	534
xllcorner	12.041800
yllcorner	42.520600
cellsize	0.003003
NODATA_value	-9999.000000
[rows 70 to 104 of 534, columns 234 to 311 of 643]
0.00 0.00 0.00 0.00 0.00 0.00 0.00 0.00 0.00 0.00 0.00 0.00 0.00 0.00 0.00 0.00 0.00 0.00 0.00 0.00 0.00 176.00 176.00 177.00 178.00 180.00 180.00 177.00 179.00 185.00 188.00 189.00 192.00 193.00 188.00 186.00 188.00 184.00 180.00 179.00 177.00 172.00 165.00 164.00 164.00 162.00 0.00 0.00 0.00 0.00 0.00 0.00 0.00 0.00 0.00 0.00 0.00 0.00 0.00 0.00 0.00 0.00 0.00 0.00 0.00 0.00 0.00 0.00 0.00 0.00 0.00 0.00 0.00 0.00 0.00 0.00 0.00 0.00
0.00 0.00 0.00 0.00 0.00 0.00 0.00 0.00 0.00 0.00 0.00 0.00 0.00 0.00 0.00 0.00 0.00 170.00 174.00 180.00 181.00 179.00 179.00 180.00 181.00 180.00 179.00 178.00 181.00 185.00 185.00 181.00 181.00 182.00 177.00 175.00 177.00 174.00 172.00 176.00 176.00 170.00 164.00 165.00 167.00 171.00 175.00 175.00 172.00 167.00 0.00 0.00 0.00 0.00 0.00 0.00 0.00 0.00 0.00 0.00 0.00 0.00 0.00 0.00 0.00 0.00 0.00 0.00 0.00 0.00 0.00 0.00 0.00 0.00 0.00 0.00 0.00 0.00
0.00 0.00 0.00 0.00 0.00 0.00 0.00 0.00 0.00 0.00 0.00 0.00 0.00 175.00 177.00 179.00 177.00 176.00 178.00 181.00 182.00 180.00 179.00 180.00 180.00 179.00 179.00 180.00 183.00 185.00 182.00 177.00 175.00 173.00 166.00 162.00 164.00 166.00 169.00 173.00 173.00 166.00 171.00 179.00 180.00 181.00 178.00 171.00 168.00 168.00 179.00 0.00 0.00 0.00 0.00 0.00 0.00 0.00 0.00 0.00 0.00 0.00 0.00 0.00 0.00 0.00 0.00 0.00 0.00 0.00 0.00 0.00 0.00 0.00 0.00 0.00 0.00 0.00
0.00 0.00 0.00 0.00 0.00 0.00 0.00 0.00 0.00 0.00 163.00 164.00 166.00 171.00 176.00 179.00 178.00 178.00 179.00 181.00 182.00 182.00 181.00 179.00 178.00 178.00 179.00 181.00 183.00 184.00 179.00 174.00 173.00 172.00 166.00 163.00 167.00 172.00 176.00 175.00 168.00 168.00 183.00 191.00 184.00 182.00 178.00 174.00 177.00 184.00 192.00 192.00 0.00 0.00 0.00 0.00 0.00 0.00 0.00 0.00 0.00 0.00 0.00 0.00 0.00 0.00 0.00 0.00 0.00 0.00 0.00 0.00 0.00 0.00 0.00 0.00 0.00 0.00
0.00 0.00 0.00 0.00 0.00 0.00 0.00 0.00 0.00 161.00 164.00 161.00 162.00 168.00 173.00 176.00 180.00 180.00 179.00 180.00 182.00 184.00 182.00 179.00 178.00 178.00 178.00 180.00 181.00 179.00 174.00 172.00 174.00 173.00 168.00 165.00 168.00 171.00 171.00 168.00 168.00 180.00 193.00 191.00 183.00 184.00 187.00 189.00 191.00 192.00 191.00 186.00 181.00 181.00 180.00 180.00 180.00 0.00 0.00 0.00 0.00 0.00 0.00 0.00 0.00 0.00 0.00 0.00 0.00 0.00 0.00 0.00 0.00 0.00 0.00 0.00 0.00 0.00
0.00 0.00 0.00 0.00 0.00 0.00 0.00 0.00 0.00 163.00 169.00 167.00 168.00 172.00 171.00 177.00 180.00 178.00 176.00 177.00 182.00 182.00 179.00 179.00 179.00 178.00 180.00 180.00 178.00 175.00 171.00 172.00 174.00 172.00 168.00 171.00 175.00 175.00 174.00 175.00 182.00 192.00 192.00 185.00 181.00 184.00 188.00 189.00 187.00 185.00 183.00 182.00 181.00 181.00 181.00 180.00 181.00 181.00 0.00 0.00 0.00 0.00 0.00 0.00 0.00 0.00 0.00 0.00 0.00 0.00 0.00 0.00 0.00 0.00 0.00 0.00 0.00 0.00
0.00 0.00 0.00 0.00 0.00 0.00 0.00 0.00 0.00 171.00 174.00 173.00 173.00 173.00 172.00 177.00 178.00 176.00 175.00 178.00 180.00 178.00 178.00 179.00 178.00 178.00 179.00 176.00 174.00 171.00 168.00 170.00 171.00 170.00 171.00 180.00 186.00 186.00 188.00 190.00 192.00 192.00 185.00 181.00 181.00 181.00 182.00 181.00 180.00 181.00 181.00 181.00 181.00 181.00 181.00 181.00 181.00 182.00 182.00 0.00 0.00 0.00 0.00 0.00 0.00 0.00 0.00 0.00 0.00 0.00 0.00 0.00 0.00 0.00 0.00 0.00 0.00 0.00
0.00 0.00 0.00 0.00 0.00 0.00 0.00 0.00 0.00 180.00 181.00 182.00 181.00 178.00 176.00 178.00 179.00 178.00 179.00 180.00 180.00 179.00 179.00 178.00 178.00 176.00 171.00 169.00 172.00 170.00 171.00 179.00 183.00 183.00 180.00 184.00 189.00 188.00 189.00 188.00 187.00 184.00 181.00 181.00 181.00 182.00 183.00 184.00 184.00 183.00 182.00 181.00 181.00 181.00 181.00 182.00 182.00 183.00 184.00 183.00 0.00 0.00 0.00 0.00 0.00 0.00 0.00 0.00 0.00 0.00 0.00 0.00 0.00 0.00 0.00 0.00 0.00 0.00
0.00 0.00 0.00 0.00 0.00 0.00 0.00 0.00 0.00 181.00 183.00 184.00 185.00 183.00 180.00 179.00 179.00 179.00 182.00 183.00 182.00 182.00 181.00 179.00 179.00 174.00 168.00 170.00 175.00 172.00 177.00 190.00 193.00 189.00 185.00 188.00 192.00 187.00 184.00 183.00 181.00 181.00 181.00 183.00 184.00 184.00 188.00 194.00 194.00 190.00 186.00 182.00 181.00 181.00 183.00 186.00 184.00 184.00 186.00 184.00 183.00 183.00 0.00 0.00 0.00 0.00 0.00 0.00 0.00 0.00 0.00 0.00 0.00 0.00 0.00 0.00 0.00 0.00
0.00 0.00 0.00 0.00 0.00 0.00 0.00 174.00 180.00 178.00 172.00 173.00 178.00 179.00 178.00 178.00 179.00 183.00 186.00 184.00 179.00 178.00 178.00 179.00 176.00 169.00 167.00 169.00 171.00 169.00 176.00 190.00 190.00 183.00 183.00 187.00 189.00 185.00 182.00 183.00 183.00 183.00 183.00 186.00 191.00 192.00 192.00 195.00 192.00 185.00 181.00 178.00 180.00 184.00 187.00 189.00 185.00 183.00 187.00 185.00 184.00 184.00 0.00 0.00 0.00 0.00 0.00 0.00 0.00 0.00 0.00 0.00 0.00 0.00 0.00 0.00 0.00 0.00
0.00 0.00 0.00 0.00 0.00 0.00 171.00 183.00 187.00 177.00 165.00 166.00 169.00 169.00 170.00 173.00 177.00 183.00 183.00 177.00 170.00 168.00 171.00 175.00 173.00 166.00 167.00 168.00 171.00 175.00 183.00 192.00 188.00 181.00 181.00 183.00 184.00 182.00 182.00 186.00 190.00 189.00 188.00 193.00 198.00 195.00 191.00 190.00 180.00 171.00 168.00 171.00 180.00 186.00 188.00 189.00 184.00 181.00 185.00 185.00 186.00 186.00 183.00 186.00 0.00 0.00 0.00 0.00 0.00 0.00 0.00 0.00 0.00 0.00 0.00 0.00 0.00 0.00
0.00 0.00 0.00 0.00 0.00 171.00 183.00 191.00 188.00 174.00 168.00 174.00 177.00 175.00 175.00 176.00 179.00 180.00 178.00 171.00 166.00 166.00 170.00 174.00 173.00 169.00 173.00 179.00 185.00 190.00 192.00 191.00 185.00 181.00 181.00 181.00 182.00 182.00 185.00 191.00 195.00 194.00 195.00 198.00 195.00 185.00 178.00 177.00 171.00 167.00 174.00 182.00 186.00 186.00 184.00 184.00 183.00 182.00 183.00 184.00 185.00 183.00 181.00 184.00 185.00 0.00 0.00 0.00 0.00 0.00 0.00 0.00 0.00 0.00 0.00 0.00 0.00 0.00
0.00 0.00 173.00 171.00 170.00 182.00 191.00 191.00 181.00 168.00 168.00 176.00 182.00 183.00 181.00 180.00 179.00 178.00 177.00 174.00 172.00 170.00 170.00 173.00 173.00 169.00 177.00 189.00 192.00 190.00 187.00 185.00 182.00 181.00 181.00 182.00 182.00 183.00 186.00 189.00 189.00 190.00 195.00 196.00 185.00 173.00 170.00 169.00 169.00 173.00 187.00 194.00 191.00 189.00 187.00 184.00 186.00 186.00 183.00 182.00 184.00 183.00 184.00 186.00 186.00 0.00 0.00 0.00 0.00 0.00 0.00 0.00 0.00 0.00 0.00 0.00 0.00 0.00
0.00 169.00 173.00 175.00 181.00 188.00 185.00 181.00 177.00 171.00 171.00 175.00 177.00 174.00 171.00 172.00 172.00 174.00 177.00 177.00 175.00 169.00 166.00 172.00 171.00 169.00 181.00 191.00 189.00 185.00 183.00 182.00 182.00 183.00 184.00 183.00 184.00 185.00 185.00 184.00 185.00 188.00 190.00 187.00 172.00 165.00 171.00 174.00 177.00 183.00 190.00 190.00 189.00 192.00 188.00 184.00 187.00 188.00 184.00 181.00 184.00 186.00 187.00 187.00 0.00 0.00 0.00 0.00 0.00 0.00 0.00 0.00 0.00 0.00 0.00 0.00 0.00 0.00
169.00 169.00 172.00 179.00 184.00 180.00 176.00 181.00 180.00 173.00 173.00 176.00 175.00 170.00 167.00 171.00 174.00 176.00 177.00 174.00 168.00 166.00 172.00 181.00 182.00 183.00 191.00 192.00 187.00 185.00 184.00 183.00 185.00 189.00 188.00 183.00 183.00 185.00 186.00 187.00 189.00 189.00 184.00 176.00 162.00 162.00 178.00 185.00 184.00 186.00 189.00 189.00 190.00 193.00 185.00 182.00 191.00 193.00 188.00 179.00 182.00 187.00 0.00 0.00 0.00 0.00 0.00 0.00 0.00 0.00 0.00 0.00 0.00 0.00 0.00 0.00 0.00 0.00
179.00 181.00 180.00 181.00 180.00 174.00 179.00 186.00 178.00 168.00 169.00 171.00 174.00 174.00 174.00 177.00 179.00 179.00 178.00 169.00 168.00 178.00 187.00 192.00 192.00 191.00 192.00 189.00 186.00 186.00 185.00 184.00 187.00 191.00 187.00 180.00 183.00 188.00 191.00 194.00 194.00 189.00 180.00 173.00 169.00 174.00 189.00 193.00 190.00 191.00 194.00 196.00 198.00 196.00 187.00 188.00 198.00 199.00 192.00 180.00 185.00 190.00 0.00 0.00 0.00 0.00 0.00 0.00 0.00 0.00 0.00 0.00 0.00 0.00 0.00 0.00 0.00 0.00
184.00 188.00 183.00 181.00 179.00 178.00 182.00 180.00 168.00 165.00 169.00 171.00 175.00 178.00 179.00 180.00 179.00 179.00 177.00 168.00 176.00 192.00 193.00 189.00 187.00 186.00 186.00 186.00 189.00 190.00 186.00 183.00 185.00 187.00 181.00 178.00 185.00 192.00 195.00 194.00 188.00 179.00 176.00 182.00 190.00 194.00 196.00 195.00 194.00 194.00 195.00 196.00 193.00 186.00 183.00 186.00 188.00 189.00 184.00 181.00 192.00 0.00 0.00 0.00 0.00 0.00 0.00 0.00 0.00 0.00 0.00 0.00 0.00 0.00 0.00 0.00 0.00 0.00
180.00 181.00 177.00 176.00 179.00 180.00 180.00 174.00 168.00 171.00 175.00 177.00 179.00 180.00 180.00 178.00 174.00 173.00 171.00 167.00 180.00 192.00 187.00 182.00 182.00 183.00 184.00 187.00 192.00 191.00 185.00 183.00 184.00 184.00 182.00 184.00 192.00 197.00 195.00 186.00 176.00 175.00 183.00 193.00 198.00 195.00 194.00 196.00 195.00 187.00 181.00 180.00 175.00 173.00 179.00 177.00 169.00 170.00 172.00 181.00 193.00 0.00 0.00 0.00 0.00 0.00 0.00 0.00 0.00 0.00 0.00 0.00 0.00 0.00 0.00 0.00 0.00 0.00
177.00 175.00 172.00 173.00 175.00 175.00 176.00 176.00 176.00 178.00 179.00 180.00 180.00 178.00 175.00 170.00 166.00 168.00 170.00 172.00 184.00 192.00 186.00 184.00 185.00 186.00 186.00 187.00 190.00 190.00 188.00 187.00 186.00 188.00 189.00 192.00 197.00 197.00 190.00 181.00 181.00 188.00 191.00 190.00 185.00 181.00 184.00 185.00 184.00 176.00 169.00 169.00 170.00 177.00 185.00 177.00 166.00 172.00 178.00 182.00 182.00 0.00 0.00 0.00 0.00 0.00 0.00 0.00 0.00 0.00 0.00 0.00 0.00 175.00 171.00 0.00 0.00 0.00
174.00 169.00 166.00 166.00 169.00 171.00 173.00 177.00 178.00 178.00 179.00 178.00 173.00 169.00 167.00 167.00 171.00 178.00 183.00 188.00 194.00 194.00 191.00 192.00 192.00 191.00 188.00 187.00 191.00 194.00 192.00 188.00 189.00 192.00 195.00 197.00 197.00 188.00 178.00 178.00 185.00 188.00 181.00 176.00 173.00 174.00 175.00 175.00 178.00 172.00 163.00 166.00 175.00 187.00 189.00 177.00 167.00 176.00 184.00 183.00 174.00 0.00 0.00 0.00 0.00 0.00 0.00 0.00 172.00 177.00 178.00 174.00 174.00 175.00 175.00 181.00 0.00 0.00
169.00 166.00 168.00 169.00 169.00 168.00 168.00 170.00 170.00 171.00 171.00 169.00 168.00 172.00 180.00 186.00 194.00 192.00 191.00 198.00 196.00 190.00 190.00 191.00 190.00 190.00 188.00 189.00 195.00 195.00 185.00 181.00 183.00 186.00 190.00 194.00 189.00 175.00 168.00 172.00 178.00 178.00 172.00 170.00 172.00 174.00 176.00 178.00 181.00 173.00 162.00 167.00 181.00 189.00 187.00 174.00 166.00 177.00 184.00 178.00 169.00 172.00 182.00 0.00 0.00 0.00 176.00 177.00 177.00 178.00 177.00 174.00 173.00 176.00 182.00 183.00 177.00 172.00
170.00 173.00 179.00 178.00 176.00 177.00 179.00 180.00 178.00 176.00 175.00 176.00 184.00 194.00 201.00 205.00 207.00 191.00 186.00 199.00 194.00 185.00 185.00 184.00 182.00 184.00 187.00 191.00 196.00 190.00 176.00 174.00 176.00 180.00 185.00 184.00 177.00 169.00 168.00 172.00 176.00 177.00 177.00 177.00 177.00 177.00 178.00 178.00 176.00 169.00 163.00 170.00 185.00 187.00 181.00 169.00 164.00 176.00 179.00 172.00 172.00 182.00 185.00 180.00 175.00 171.00 177.00 184.00 186.00 183.00 180.00 178.00 174.00 176.00 182.00 179.00 175.00 179.00
186.00 183.00 181.00 180.00 183.00 190.00 194.00 192.00 190.00 189.00 190.00 194.00 200.00 203.00 204.00 206.00 203.00 179.00 176.00 198.00 196.00 184.00 182.00 185.00 189.00 191.00 193.00 193.00 190.00 181.00 172.00 175.00 182.00 187.00 184.00 174.00 171.00 174.00 174.00 175.00 178.00 180.00 180.00 179.00 177.00 177.00 178.00 177.00 172.00 167.00 163.00 170.00 185.00 183.00 177.00 170.00 167.00 177.00 180.00 181.00 185.00 183.00 175.00 173.00 171.00 167.00 173.00 182.00 184.00 179.00 178.00 180.00 177.00 176.00 178.00 176.00 176.00 182.00
185.00 177.00 181.00 188.00 189.00 189.00 190.00 188.00 189.00 192.00 196.00 200.00 199.00 197.00 199.00 200.00 195.00 174.00 173.00 197.00 197.00 183.00 178.00 187.00 196.00 199.00 195.00 184.00 174.00 169.00 169.00 175.00 184.00 186.00 178.00 168.00 173.00 179.00 177.00 175.00 176.00 179.00 180.00 174.00 168.00 168.00 169.00 169.00 167.00 164.00 163.00 168.00 177.00 175.00 173.00 172.00 174.00 187.00 193.00 193.00 186.00 173.00 168.00 175.00 172.00 168.00 174.00 176.00 174.00 168.00 167.00 171.00 173.00 174.00 177.00 177.00 178.00 178.00
174.00 170.00 186.00 196.00 190.00 184.00 186.00 190.00 195.00 200.00 202.00 202.00 198.00 196.00 199.00 199.00 194.00 176.00 172.00 193.00 198.00 183.00 176.00 191.00 200.00 198.00 188.00 173.00 170.00 173.00 175.00 177.00 180.00 180.00 173.00 167.00 174.00 179.00 174.00 170.00 169.00 170.00 172.00 166.00 160.00 162.00 167.00 173.00 176.00 175.00 173.00 173.00 172.00 169.00 169.00 170.00 178.00 191.00 190.00 182.00 173.00 165.00 170.00 174.00 166.00 166.00 173.00 172.00 166.00 157.00 158.00 164.00 166.00 168.00 171.00 174.00 175.00 176.00
174.00 172.00 189.00 197.00 188.00 182.00 185.00 190.00 194.00 197.00 196.00 196.00 195.00 198.00 203.00 203.00 195.00 172.00 166.00 191.00 203.00 187.00 180.00 197.00 205.00 200.00 187.00 178.00 182.00 187.00 183.00 180.00 179.00 175.00 166.00 161.00 166.00 170.00 165.00 162.00 162.00 168.00 176.00 173.00 171.00 178.00 187.00 191.00 193.00 192.00 190.00 189.00 185.00 180.00 174.00 171.00 176.00 179.00 171.00 164.00 162.00 161.00 164.00 165.00 162.00 165.00 168.00 165.00 160.00 159.00 164.00 171.00 178.00 180.00 178.00 175.00 174.00 173.00
169.00 170.00 190.00 196.00 185.00 184.00 187.00 186.00 183.00 179.00 178.00 182.00 188.00 195.00 200.00 198.00 184.00 165.00 171.00 192.00 197.00 187.00 185.00 200.00 202.00 193.00 187.00 184.00 184.00 182.00 176.00 173.00 169.00 167.00 168.00 171.00 176.00 175.00 172.00 172.00 176.00 185.00 191.00 190.00 191.00 195.00 197.00 193.00 189.00 188.00 189.00 189.00 188.00 187.00 184.00 180.00 178.00 172.00 163.00 158.00 160.00 161.00 167.00 178.00 183.00 183.00 180.00 177.00 174.00 175.00 185.00 195.00 201.00 198.00 190.00 187.00 186.00 183.00
165.00 178.00 196.00 196.00 184.00 186.00 191.00 188.00 184.00 179.00 178.00 181.00 185.00 186.00 184.00 180.00 172.00 175.00 189.00 193.00 193.00 191.00 193.00 196.00 186.00 177.00 180.00 179.00 173.00 168.00 166.00 163.00 163.00 175.00 188.00 194.00 192.00 189.00 187.00 190.00 194.00 195.00 194.00 192.00 192.00 192.00 190.00 182.00 177.00 176.00 177.00 176.00 175.00 178.00 179.00 180.00 183.00 182.00 178.00 177.00 177.00 180.00 190.00 201.00 205.00 200.00 194.00 188.00 181.00 185.00 200.00 205.00 206.00 200.00 188.00 185.00 188.00 189.00
177.00 198.00 201.00 194.00 186.00 185.00 190.00 189.00 187.00 188.00 189.00 186.00 182.00 176.00 169.00 169.00 175.00 188.00 198.00 192.00 196.00 198.00 186.00 176.00 165.00 165.00 172.00 171.00 168.00 167.00 165.00 162.00 174.00 195.00 201.00 197.00 189.00 183.00 183.00 189.00 193.00 190.00 186.00 184.00 181.00 180.00 180.00 178.00 177.00 176.00 176.00 174.00 174.00 177.00 176.00 179.00 184.00 189.00 193.00 198.00 198.00 201.00 205.00 205.00 200.00 189.00 177.00 170.00 171.00 189.00 202.00 200.00 198.00 191.00 175.00 173.00 181.00 189.00
193.00 208.00 197.00 189.00 189.00 187.00 187.00 188.00 189.00 188.00 188.00 189.00 186.00 180.00 176.00 182.00 191.00 198.00 199.00 192.00 190.00 188.00 175.00 166.00 163.00 166.00 166.00 161.00 157.00 156.00 156.00 164.00 188.00 202.00 198.00 187.00 178.00 174.00 178.00 187.00 190.00 183.00 176.00 175.00 173.00 174.00 177.00 177.00 176.00 176.00 177.00 178.00 183.00 187.00 184.00 182.00 185.00 190.00 195.00 201.00 200.00 197.00 197.00 192.00 180.00 165.00 156.00 161.00 178.00 194.00 196.00 190.00 187.00 180.00 173.00 176.00 186.00 192.00
198.00 204.00 194.00 188.00 192.00 192.00 190.00 189.00 190.00 183.00 176.00 186.00 195.00 195.00 193.00 196.00 202.00 203.00 200.00 191.00 185.00 184.00 179.00 179.00 180.00 178.00 177.00 176.00 171.00 165.00 162.00 175.00 199.00 202.00 189.00 176.00 170.00 173.00 183.00 191.00 187.00 177.00 173.00 174.00 174.00 175.00 177.00 175.00 172.00 172.00 177.00 182.00 187.00 189.00 186.00 186.00 190.00 192.00 193.00 191.00 185.00 177.00 176.00 175.00 166.00 162.00 172.00 187.00 196.00 195.00 189.00 186.00 185.00 184.00 187.00 190.00 191.00 188.00
191.00 199.00 200.00 193.00 195.00 199.00 191.00 185.00 191.00 182.00 169.00 184.00 196.00 197.00 198.00 200.00 200.00 194.00 187.00 180.00 176.00 178.00 180.00 182.00 181.00 183.00 187.00 193.00 198.00 190.00 175.00 182.00 201.00 198.00 180.00 169.00 170.00 180.00 190.00 190.00 179.00 171.00 172.00 175.00 176.00 177.00 181.00 181.00 177.00 177.00 184.00 188.00 190.00 191.00 191.00 190.00 190.00 186.00 182.00 176.00 170.00 165.00 167.00 169.00 166.00 174.00 190.00 198.00 197.00 192.00 191.00 191.00 191.00 191.00 192.00 190.00 182.00 176.00
179.00 197.00 203.00 197.00 195.00 199.00 187.00 179.00 192.00 185.00 172.00 190.00 201.00 201.00 196.00 188.00 182.00 175.00 169.00 163.00 159.00 160.00 164.00 165.00 163.00 167.00 175.00 186.00 192.00 185.00 167.00 175.00 196.00 193.00 175.00 170.00 180.00 191.00 193.00 183.00 173.00 175.00 179.00 180.00 179.00 181.00 186.00 185.00 179.00 181.00 187.00 187.00 189.00 194.00 193.00 184.00 177.00 175.00 176.00 176.00 176.00 177.00 180.00 182.00 178.00 182.00 188.00 186.00 185.00 185.00 188.00 193.00 194.00 188.00 184.00 181.00 171.00 163.00
169.00 187.00 194.00 186.00 181.00 184.00 179.00 178.00 194.00 185.00 176.00 195.00 207.00 204.00 189.00 174.00 167.00 167.00 166.00 159.00 154.00 151.00 147.00 145.00 146.00 149.00 158.00 167.00 173.00 168.00 151.00 166.00 194.00 192.00 173.00 177.00 192.00 197.00 189.00 175.00 173.00 179.00 182.00 180.00 178.00 182.00 188.00 184.00 177.00 180.00 184.00 184.00 188.00 192.00 187.00 177.00 176.00 182.00 188.00 189.00 190.00 189.00 189.00 190.00 185.00 186.00 191.00 190.00 189.00 189.00 190.00 192.00 186.00 176.00 176.00 177.00 169.00 158.00
169.00 177.00 188.00 179.00 172.00 177.00 181.00 184.00 193.00 181.00 174.00 195.00 203.00 197.00 183.00 176.00 175.00 182.00 187.00 181.00 174.00 170.00 170.00 171.00 173.00 175.00 171.00 167.00 164.00 152.00 144.00 171.00 199.00 196.00 179.00 183.00 195.00 193.00 181.00 173.00 174.00 177.00 177.00 175.00 176.00 183.00 189.00 183.00 176.00 179.00 184.00 186.00 189.00 190.00 187.00 184.00 187.00 193.00 192.00 187.00 185.00 182.00 181.00 181.00 181.00 186.00 192.00 190.00 188.00 189.00 188.00 183.00 169.00 162.00 172.00 175.00 166.00 156.00
