hydro/data/static_data/land/marche.hillshade.txt
ncols	643
nrows	534
xllcorner	12.041800
yllcorner	42.520600
cellsize	0.003003
NODATA_value	-9999.000000
[rows 385 to 419 of 534, columns 468 to 545 of 643]
172.00 191.00 212.00 218.00 212.00 210.00 201.00 193.00 199.00 204.00 203.00 202.00 201.00 192.00 167.00 150.00 147.00 146.00 152.00 175.00 204.00 207.00 187.00 172.00 171.00 190.00 207.00 207.00 199.00 192.00 183.00 174.00 174.00 181.00 180.00 171.00 164.00 162.00 165.00 169.00 168.00 171.00 174.00 162.00 157.00 150.00 137.00 139.00 156.00 179.00 193.00 195.00 195.00 194.00 187.00 181.00 174.00 163.00 153.00 153.00 161.00 158.00 165.00 193.00 205.00 197.00 192.00 198.00 196.00 189.00 188.00 186.00 186.00 183.00 174.00 174.00 177.00 173.00
200.00 215.00 221.00 215.00 205.00 204.00 197.00 190.00 198.00 204.00 204.00 202.00 193.00 172.00 151.00 146.00 149.00 158.00 181.00 202.00 209.00 196.00 176.00 172.00 182.00 202.00 212.00 206.00 194.00 182.00 167.00 155.00 162.00 174.00 168.00 157.00 157.00 164.00 170.00 173.00 171.00 173.00 169.00 156.00 153.00 153.00 154.00 171.00 193.00 204.00 203.00 195.00 194.00 194.00 188.00 185.00 187.00 178.00 165.00 163.00 168.00 177.00 193.00 204.00 199.00 187.00 186.00 188.00 178.00 170.00 170.00 166.00 160.00 160.00 164.00 180.00 194.00 193.00
203.00 209.00 203.00 195.00 191.00 189.00 186.00 186.00 197.00 204.00 204.00 196.00 177.00 160.00 156.00 163.00 174.00 188.00 205.00 212.00 206.00 191.00 180.00 186.00 200.00 209.00 204.00 184.00 163.00 148.00 139.00 142.00 156.00 164.00 153.00 144.00 145.00 151.00 156.00 158.00 160.00 165.00 166.00 163.00 168.00 178.00 191.00 201.00 205.00 201.00 190.00 181.00 179.00 178.00 178.00 180.00 183.00 179.00 179.00 192.00 200.00 203.00 204.00 201.00 195.00 187.00 184.00 179.00 168.00 162.00 160.00 157.00 159.00 170.00 183.00 197.00 205.00 201.00
197.00 191.00 177.00 175.00 173.00 173.00 177.00 185.00 196.00 203.00 200.00 184.00 169.00 168.00 177.00 188.00 199.00 204.00 209.00 211.00 204.00 190.00 187.00 195.00 200.00 194.00 176.00 157.00 146.00 141.00 147.00 157.00 162.00 157.00 149.00 150.00 157.00 164.00 170.00 174.00 178.00 183.00 182.00 181.00 186.00 198.00 205.00 202.00 197.00 187.00 173.00 165.00 162.00 163.00 167.00 165.00 161.00 160.00 180.00 204.00 207.00 202.00 200.00 201.00 193.00 177.00 169.00 165.00 160.00 160.00 168.00 176.00 186.00 195.00 198.00 198.00 196.00 192.00
210.00 200.00 188.00 188.00 186.00 188.00 194.00 195.00 197.00 200.00 194.00 179.00 173.00 177.00 186.00 194.00 196.00 194.00 195.00 197.00 189.00 180.00 178.00 179.00 170.00 157.00 148.00 147.00 152.00 164.00 177.00 185.00 191.00 189.00 184.00 185.00 187.00 197.00 204.00 203.00 200.00 194.00 185.00 181.00 189.00 200.00 202.00 195.00 185.00 175.00 171.00 171.00 170.00 169.00 171.00 172.00 172.00 173.00 188.00 198.00 192.00 189.00 196.00 198.00 184.00 172.00 170.00 168.00 166.00 174.00 189.00 198.00 202.00 203.00 198.00 194.00 193.00 193.00
217.00 205.00 198.00 204.00 208.00 208.00 207.00 203.00 202.00 202.00 194.00 180.00 174.00 176.00 178.00 176.00 172.00 170.00 166.00 156.00 149.00 149.00 147.00 145.00 147.00 154.00 166.00 172.00 179.00 191.00 193.00 196.00 210.00 209.00 203.00 198.00 197.00 209.00 211.00 202.00 191.00 180.00 173.00 179.00 189.00 195.00 197.00 191.00 183.00 179.00 180.00 179.00 176.00 174.00 180.00 189.00 196.00 197.00 200.00 197.00 189.00 188.00 192.00 189.00 179.00 174.00 173.00 172.00 180.00 189.00 196.00 198.00 199.00 202.00 203.00 201.00 203.00 203.00
207.00 200.00 195.00 200.00 201.00 197.00 197.00 199.00 203.00 204.00 194.00 176.00 166.00 166.00 167.00 171.00 176.00 176.00 168.00 158.00 155.00 153.00 150.00 160.00 179.00 193.00 199.00 193.00 191.00 201.00 199.00 200.00 213.00 210.00 201.00 188.00 194.00 209.00 204.00 186.00 169.00 166.00 174.00 188.00 188.00 189.00 197.00 193.00 185.00 180.00 175.00 173.00 174.00 175.00 184.00 195.00 199.00 200.00 199.00 197.00 194.00 192.00 190.00 185.00 173.00 162.00 158.00 169.00 188.00 194.00 192.00 197.00 204.00 207.00 207.00 198.00 195.00 195.00
194.00 183.00 170.00 168.00 168.00 171.00 181.00 189.00 194.00 192.00 180.00 165.00 163.00 168.00 177.00 187.00 192.00 189.00 186.00 184.00 182.00 184.00 192.00 201.00 205.00 205.00 198.00 183.00 183.00 199.00 202.00 204.00 212.00 214.00 202.00 179.00 192.00 207.00 189.00 163.00 157.00 171.00 182.00 185.00 178.00 189.00 205.00 199.00 186.00 176.00 175.00 183.00 188.00 187.00 190.00 195.00 195.00 195.00 195.00 193.00 194.00 196.00 197.00 189.00 168.00 155.00 164.00 184.00 197.00 198.00 194.00 204.00 209.00 199.00 190.00 176.00 167.00 169.00
184.00 171.00 159.00 165.00 173.00 181.00 191.00 194.00 189.00 174.00 156.00 151.00 157.00 168.00 182.00 194.00 195.00 190.00 188.00 185.00 182.00 188.00 205.00 209.00 202.00 196.00 184.00 173.00 183.00 201.00 207.00 206.00 210.00 216.00 203.00 176.00 193.00 202.00 174.00 161.00 174.00 182.00 182.00 183.00 185.00 199.00 203.00 189.00 176.00 169.00 171.00 182.00 187.00 188.00 192.00 196.00 198.00 197.00 189.00 183.00 187.00 194.00 196.00 185.00 167.00 171.00 189.00 199.00 197.00 192.00 193.00 201.00 195.00 170.00 162.00 152.00 150.00 161.00
191.00 202.00 204.00 205.00 204.00 204.00 208.00 204.00 185.00 159.00 141.00 139.00 145.00 160.00 181.00 195.00 195.00 188.00 184.00 181.00 180.00 188.00 203.00 207.00 198.00 189.00 180.00 176.00 186.00 201.00 209.00 208.00 210.00 217.00 203.00 177.00 193.00 196.00 175.00 180.00 186.00 177.00 186.00 200.00 200.00 197.00 182.00 164.00 157.00 152.00 153.00 161.00 163.00 167.00 177.00 186.00 189.00 180.00 169.00 173.00 183.00 187.00 187.00 179.00 174.00 187.00 198.00 193.00 177.00 172.00 176.00 179.00 171.00 157.00 158.00 152.00 156.00 167.00
191.00 213.00 214.00 206.00 203.00 205.00 206.00 194.00 165.00 141.00 136.00 144.00 160.00 181.00 195.00 195.00 180.00 166.00 164.00 168.00 179.00 193.00 204.00 205.00 197.00 186.00 181.00 181.00 188.00 201.00 210.00 212.00 215.00 220.00 199.00 179.00 193.00 187.00 177.00 180.00 173.00 179.00 202.00 206.00 189.00 174.00 167.00 170.00 170.00 165.00 164.00 168.00 162.00 156.00 163.00 171.00 165.00 149.00 151.00 171.00 182.00 185.00 184.00 179.00 179.00 185.00 182.00 169.00 156.00 157.00 163.00 170.00 172.00 168.00 171.00 170.00 171.00 170.00
176.00 193.00 191.00 189.00 193.00 199.00 197.00 178.00 153.00 143.00 143.00 160.00 185.00 200.00 204.00 190.00 159.00 141.00 140.00 150.00 170.00 188.00 196.00 195.00 186.00 177.00 175.00 179.00 189.00 201.00 211.00 213.00 217.00 219.00 200.00 187.00 189.00 175.00 172.00 173.00 177.00 194.00 201.00 189.00 170.00 167.00 182.00 189.00 184.00 180.00 181.00 181.00 172.00 166.00 170.00 164.00 147.00 143.00 169.00 192.00 197.00 197.00 189.00 176.00 170.00 169.00 161.00 154.00 152.00 155.00 166.00 181.00 180.00 170.00 172.00 176.00 176.00 172.00
175.00 194.00 198.00 195.00 193.00 195.00 183.00 162.00 149.00 146.00 144.00 165.00 191.00 196.00 195.00 179.00 151.00 142.00 145.00 156.00 171.00 176.00 181.00 176.00 163.00 159.00 160.00 166.00 176.00 190.00 203.00 206.00 209.00 213.00 205.00 189.00 174.00 169.00 177.00 183.00 193.00 195.00 188.00 181.00 175.00 179.00 185.00 181.00 175.00 177.00 179.00 178.00 173.00 172.00 179.00 172.00 155.00 162.00 192.00 210.00 212.00 206.00 188.00 169.00 162.00 162.00 160.00 162.00 165.00 164.00 171.00 184.00 180.00 167.00 166.00 172.00 173.00 167.00
185.00 199.00 208.00 205.00 198.00 190.00 167.00 147.00 147.00 145.00 137.00 167.00 192.00 192.00 191.00 177.00 155.00 149.00 152.00 167.00 177.00 179.00 184.00 167.00 146.00 149.00 154.00 157.00 163.00 177.00 187.00 186.00 186.00 194.00 202.00 185.00 165.00 174.00 181.00 185.00 186.00 177.00 176.00 176.00 169.00 163.00 154.00 154.00 163.00 171.00 174.00 174.00 175.00 178.00 184.00 184.00 174.00 176.00 194.00 203.00 202.00 189.00 174.00 170.00 165.00 160.00 160.00 164.00 169.00 166.00 167.00 180.00 180.00 168.00 169.00 173.00 171.00 160.00
185.00 191.00 199.00 204.00 199.00 180.00 151.00 138.00 144.00 140.00 136.00 174.00 199.00 199.00 195.00 175.00 149.00 137.00 143.00 175.00 195.00 199.00 192.00 156.00 137.00 157.00 170.00 162.00 164.00 180.00 184.00 180.00 180.00 193.00 199.00 176.00 154.00 163.00 161.00 155.00 148.00 140.00 141.00 135.00 128.00 128.00 130.00 143.00 155.00 160.00 170.00 177.00 181.00 182.00 183.00 180.00 171.00 171.00 189.00 192.00 180.00 160.00 160.00 173.00 163.00 149.00 151.00 155.00 157.00 162.00 162.00 171.00 172.00 167.00 176.00 178.00 169.00 156.00
171.00 175.00 185.00 197.00 194.00 171.00 147.00 143.00 149.00 146.00 144.00 174.00 194.00 196.00 191.00 164.00 139.00 130.00 154.00 201.00 215.00 202.00 169.00 134.00 150.00 187.00 183.00 155.00 171.00 196.00 198.00 196.00 198.00 205.00 195.00 156.00 132.00 140.00 137.00 130.00 127.00 126.00 128.00 126.00 129.00 139.00 150.00 160.00 161.00 160.00 171.00 180.00 184.00 185.00 180.00 173.00 167.00 168.00 181.00 174.00 151.00 138.00 156.00 166.00 152.00 143.00 153.00 159.00 157.00 159.00 156.00 160.00 172.00 181.00 186.00 181.00 172.00 163.00
158.00 166.00 177.00 192.00 191.00 173.00 156.00 162.00 171.00 173.00 171.00 177.00 187.00 189.00 185.00 166.00 147.00 140.00 177.00 211.00 203.00 171.00 137.00 145.00 191.00 204.00 167.00 145.00 184.00 200.00 193.00 189.00 188.00 187.00 169.00 134.00 128.00 138.00 132.00 125.00 128.00 142.00 151.00 154.00 157.00 164.00 171.00 175.00 170.00 167.00 172.00 175.00 178.00 180.00 178.00 176.00 177.00 179.00 185.00 183.00 162.00 149.00 149.00 141.00 135.00 144.00 161.00 174.00 178.00 175.00 168.00 167.00 180.00 190.00 185.00 176.00 176.00 175.00
153.00 166.00 181.00 193.00 191.00 180.00 173.00 179.00 181.00 182.00 180.00 168.00 178.00 184.00 179.00 168.00 147.00 140.00 180.00 196.00 172.00 138.00 135.00 181.00 213.00 191.00 142.00 156.00 197.00 196.00 178.00 169.00 166.00 163.00 146.00 130.00 140.00 138.00 120.00 118.00 127.00 150.00 168.00 172.00 170.00 168.00 167.00 169.00 166.00 160.00 166.00 171.00 171.00 173.00 181.00 186.00 187.00 189.00 192.00 193.00 188.00 181.00 171.00 155.00 145.00 146.00 156.00 171.00 182.00 183.00 183.00 176.00 179.00 189.00 182.00 171.00 173.00 175.00
161.00 173.00 187.00 191.00 187.00 184.00 181.00 177.00 170.00 168.00 163.00 149.00 162.00 177.00 163.00 149.00 133.00 136.00 181.00 192.00 160.00 135.00 160.00 199.00 198.00 154.00 138.00 185.00 204.00 185.00 169.00 171.00 169.00 154.00 146.00 146.00 150.00 139.00 123.00 126.00 130.00 150.00 176.00 183.00 174.00 166.00 164.00 164.00 159.00 149.00 160.00 179.00 183.00 185.00 192.00 188.00 184.00 188.00 190.00 188.00 185.00 185.00 186.00 187.00 180.00 170.00 162.00 161.00 170.00 173.00 175.00 166.00 170.00 191.00 186.00 169.00 172.00 173.00
156.00 174.00 191.00 193.00 191.00 187.00 175.00 155.00 146.00 146.00 144.00 152.00 181.00 194.00 175.00 151.00 133.00 144.00 182.00 186.00 156.00 149.00 184.00 194.00 163.00 135.00 164.00 198.00 182.00 161.00 169.00 182.00 170.00 146.00 154.00 162.00 156.00 151.00 145.00 142.00 142.00 157.00 183.00 186.00 168.00 159.00 163.00 169.00 170.00 160.00 163.00 185.00 191.00 192.00 192.00 171.00 160.00 170.00 177.00 179.00 177.00 180.00 185.00 189.00 187.00 186.00 184.00 178.00 174.00 172.00 167.00 155.00 165.00 190.00 185.00 171.00 174.00 175.00
140.00 166.00 192.00 195.00 192.00 189.00 177.00 157.00 152.00 156.00 167.00 194.00 212.00 199.00 178.00 174.00 169.00 170.00 177.00 171.00 152.00 165.00 195.00 182.00 153.00 161.00 180.00 172.00 150.00 164.00 180.00 178.00 163.00 141.00 161.00 169.00 160.00 165.00 161.00 149.00 145.00 163.00 192.00 188.00 158.00 148.00 156.00 164.00 169.00 163.00 161.00 182.00 188.00 183.00 174.00 149.00 148.00 165.00 169.00 165.00 170.00 180.00 185.00 184.00 182.00 186.00 185.00 180.00 178.00 173.00 161.00 153.00 166.00 185.00 184.00 175.00 176.00 177.00
140.00 166.00 192.00 191.00 185.00 184.00 183.00 176.00 176.00 185.00 200.00 212.00 201.00 171.00 159.00 176.00 187.00 185.00 179.00 169.00 162.00 183.00 193.00 168.00 165.00 177.00 166.00 157.00 166.00 181.00 178.00 178.00 169.00 141.00 162.00 176.00 174.00 178.00 163.00 147.00 139.00 159.00 191.00 189.00 166.00 162.00 170.00 171.00 167.00 162.00 164.00 178.00 176.00 165.00 154.00 147.00 166.00 178.00 166.00 157.00 171.00 185.00 186.00 182.00 182.00 182.00 178.00 175.00 179.00 182.00 176.00 172.00 176.00 182.00 183.00 178.00 175.00 177.00
141.00 167.00 190.00 186.00 180.00 179.00 179.00 181.00 187.00 195.00 199.00 185.00 155.00 141.00 153.00 170.00 176.00 176.00 176.00 174.00 179.00 190.00 178.00 159.00 166.00 163.00 162.00 178.00 184.00 178.00 177.00 182.00 163.00 137.00 172.00 197.00 190.00 177.00 160.00 146.00 135.00 155.00 193.00 200.00 187.00 182.00 181.00 174.00 174.00 182.00 186.00 183.00 176.00 167.00 156.00 158.00 171.00 169.00 158.00 166.00 182.00 186.00 181.00 174.00 171.00 172.00 173.00 174.00 178.00 186.00 189.00 187.00 181.00 178.00 185.00 182.00 172.00 174.00
167.00 173.00 181.00 177.00 178.00 181.00 183.00 186.00 189.00 184.00 169.00 147.00 137.00 148.00 163.00 169.00 171.00 171.00 167.00 162.00 174.00 181.00 168.00 161.00 162.00 165.00 177.00 184.00 179.00 177.00 177.00 169.00 147.00 142.00 186.00 199.00 174.00 158.00 156.00 141.00 131.00 166.00 203.00 201.00 183.00 174.00 171.00 172.00 184.00 194.00 187.00 179.00 183.00 187.00 177.00 172.00 173.00 175.00 181.00 190.00 190.00 181.00 170.00 159.00 157.00 163.00 167.00 170.00 178.00 186.00 184.00 176.00 168.00 169.00 190.00 192.00 179.00 177.00
182.00 171.00 175.00 181.00 189.00 193.00 191.00 191.00 190.00 175.00 150.00 139.00 149.00 165.00 174.00 175.00 173.00 168.00 162.00 159.00 170.00 176.00 168.00 162.00 169.00 185.00 190.00 187.00 182.00 177.00 170.00 162.00 150.00 153.00 183.00 180.00 153.00 154.00 154.00 130.00 145.00 195.00 209.00 185.00 162.00 160.00 165.00 174.00 186.00 187.00 177.00 178.00 189.00 189.00 179.00 175.00 185.00 197.00 202.00 198.00 185.00 170.00 160.00 158.00 165.00 169.00 169.00 173.00 183.00 187.00 175.00 162.00 156.00 172.00 199.00 200.00 186.00 181.00
165.00 156.00 168.00 187.00 194.00 189.00 183.00 186.00 188.00 170.00 145.00 144.00 159.00 170.00 175.00 174.00 172.00 173.00 181.00 183.00 182.00 186.00 178.00 169.00 177.00 187.00 186.00 187.00 182.00 172.00 173.00 175.00 164.00 160.00 170.00 161.00 152.00 166.00 149.00 140.00 188.00 214.00 199.00 167.00 157.00 161.00 160.00 161.00 173.00 183.00 183.00 186.00 185.00 176.00 168.00 165.00 180.00 192.00 189.00 181.00 170.00 162.00 163.00 172.00 178.00 174.00 170.00 172.00 175.00 168.00 158.00 153.00 156.00 186.00 206.00 199.00 187.00 179.00
151.00 146.00 157.00 183.00 190.00 185.00 188.00 193.00 184.00 157.00 137.00 143.00 158.00 168.00 170.00 170.00 175.00 184.00 191.00 187.00 186.00 195.00 192.00 183.00 181.00 177.00 175.00 180.00 173.00 168.00 182.00 179.00 165.00 166.00 172.00 161.00 157.00 158.00 145.00 176.00 213.00 203.00 170.00 153.00 164.00 175.00 166.00 166.00 181.00 187.00 180.00 173.00 166.00 159.00 159.00 156.00 168.00 187.00 185.00 178.00 171.00 162.00 167.00 179.00 182.00 177.00 173.00 173.00 170.00 164.00 161.00 157.00 161.00 188.00 197.00 189.00 183.00 177.00
165.00 153.00 154.00 179.00 192.00 191.00 196.00 196.00 176.00 147.00 136.00 147.00 161.00 168.00 171.00 171.00 173.00 174.00 175.00 176.00 183.00 190.00 187.00 182.00 182.00 181.00 179.00 176.00 170.00 174.00 181.00 166.00 159.00 172.00 177.00 175.00 174.00 160.00 162.00 199.00 205.00 172.00 147.00 156.00 177.00 177.00 169.00 178.00 184.00 173.00 156.00 157.00 163.00 161.00 163.00 159.00 164.00 186.00 191.00 186.00 178.00 165.00 165.00 178.00 182.00 180.00 180.00 181.00 183.00 184.00 183.00 173.00 168.00 182.00 183.00 178.00 179.00 177.00
174.00 158.00 151.00 174.00 190.00 190.00 194.00 191.00 165.00 139.00 143.00 156.00 166.00 172.00 173.00 172.00 172.00 169.00 171.00 177.00 179.00 175.00 177.00 180.00 181.00 182.00 178.00 174.00 176.00 178.00 165.00 149.00 153.00 165.00 168.00 173.00 181.00 171.00 181.00 196.00 181.00 153.00 149.00 169.00 175.00 168.00 171.00 179.00 177.00 162.00 153.00 164.00 169.00 168.00 170.00 162.00 162.00 187.00 195.00 190.00 184.00 172.00 166.00 177.00 185.00 183.00 180.00 179.00 181.00 185.00 185.00 177.00 171.00 178.00 178.00 175.00 178.00 177.00
162.00 149.00 142.00 164.00 184.00 189.00 194.00 188.00 154.00 134.00 152.00 163.00 169.00 177.00 179.00 177.00 176.00 174.00 174.00 173.00 165.00 160.00 168.00 172.00 169.00 167.00 160.00 167.00 177.00 164.00 145.00 146.00 158.00 163.00 158.00 161.00 172.00 164.00 173.00 183.00 169.00 154.00 159.00 172.00 170.00 169.00 174.00 181.00 175.00 163.00 172.00 176.00 165.00 163.00 163.00 150.00 157.00 193.00 205.00 198.00 189.00 174.00 159.00 168.00 184.00 186.00 174.00 166.00 168.00 170.00 173.00 174.00 172.00 174.00 177.00 179.00 184.00 180.00
150.00 136.00 135.00 154.00 178.00 185.00 185.00 178.00 141.00 134.00 161.00 168.00 171.00 179.00 180.00 179.00 180.00 182.00 186.00 182.00 173.00 165.00 163.00 158.00 148.00 146.00 151.00 169.00 184.00 178.00 174.00 186.00 197.00 195.00 183.00 175.00 171.00 159.00 160.00 173.00 169.00 162.00 166.00 174.00 175.00 172.00 175.00 179.00 166.00 166.00 184.00 175.00 164.00 169.00 164.00 145.00 158.00 198.00 206.00 192.00 177.00 165.00 154.00 160.00 177.00 178.00 165.00 162.00 166.00 167.00 176.00 177.00 171.00 172.00 172.00 180.00 188.00 183.00
150.00 156.00 163.00 168.00 175.00 171.00 165.00 159.00 133.00 140.00 172.00 172.00 171.00 179.00 181.00 177.00 177.00 187.00 197.00 194.00 189.00 185.00 177.00 172.00 170.00 177.00 187.00 193.00 198.00 203.00 207.00 209.00 208.00 203.00 192.00 187.00 190.00 183.00 176.00 179.00 174.00 169.00 173.00 178.00 177.00 173.00 176.00 176.00 165.00 172.00 180.00 164.00 166.00 179.00 175.00 156.00 163.00 189.00 186.00 170.00 162.00 166.00 166.00 165.00 175.00 176.00 169.00 168.00 172.00 179.00 188.00 184.00 177.00 176.00 171.00 175.00 183.00 175.00
192.00 205.00 202.00 191.00 187.00 179.00 167.00 149.00 132.00 152.00 179.00 175.00 171.00 180.00 182.00 172.00 173.00 183.00 193.00 193.00 186.00 184.00 185.00 192.00 199.00 205.00 204.00 198.00 198.00 203.00 200.00 187.00 178.00 176.00 181.00 184.00 184.00 185.00 183.00 183.00 181.00 176.00 172.00 173.00 174.00 174.00 179.00 181.00 174.00 175.00 176.00 165.00 171.00 183.00 181.00 169.00 170.00 181.00 168.00 156.00 165.00 179.00 181.00 174.00 173.00 180.00 182.00 175.00 176.00 188.00 195.00 190.00 184.00 181.00 175.00 177.00 181.00 175.00
220.00 217.00 199.00 185.00 187.00 186.00 183.00 172.00 158.00 171.00 184.00 175.00 170.00 177.00 174.00 169.00 174.00 183.00 191.00 190.00 178.00 171.00 176.00 179.00 179.00 178.00 174.00 177.00 183.00 178.00 168.00 157.00 156.00 169.00 179.00 173.00 161.00 163.00 172.00 178.00 179.00 178.00 175.00 170.00 168.00 171.00 174.00 174.00 171.00 172.00 178.00 173.00 175.00 182.00 178.00 176.00 179.00 182.00 178.00 171.00 175.00 182.00 182.00 175.00 165.00 174.00 186.00 179.00 176.00 184.00 185.00 179.00 175.00 175.00 174.00 179.00 184.00 183.00
211.00 202.00 187.00 175.00 176.00 177.00 178.00 181.00 178.00 182.00 187.00 179.00 167.00 168.00 171.00 174.00 179.00 190.00 195.00 179.00 156.00 147.00 148.00 153.00 157.00 158.00 157.00 165.00 167.00 154.00 157.00 162.00 165.00 180.00 177.00 157.00 148.00 155.00 165.00 165.00 161.00 164.00 172.00 173.00 170.00 167.00 159.00 157.00 160.00 167.00 178.00 176.00 174.00 179.00 176.00 177.00 178.00 179.00 179.00 179.00 180.00 176.00 173.00 172.00 163.00 166.00 184.00 187.00 181.00 180.00 173.00 166.00 169.00 170.00 166.00 170.00 175.00 175.00
