hydro/data/static_data/land/marche.dem.txt
ncols   643
nrows   534
xllcorner    12.0418
yllcorner    42.5206
cellsize    0.003003
NODATA_value -9999
[rows 403 to 433 of 534, columns 490 to 559 of 643]
451.8 501.7 610.0 637.5 538.2 473.1 548.4 597.0 611.6 598.9 637.6 652.5 676.0 707.6 727.7 751.9 663.5 584.7 547.3 494.4 518.2 546.9 510.9 457.9 401.8 372.0 388.9 362.8 279.2 297.6 353.1 381.8 433.4 488.7 475.5 451.6 427.4 401.1 367.4 325.2 287.0 243.7 227.2 214.2 230.3 251.1 301.9 310.3 294.5 282.7 212.4 209.5 270.3 258.0 245.3 266.3 272.4 255.6 195.2 164.0 195.0 246.3 256.9 230.7 175.5 152.5 240.7 263.1 263.9 253.5
430.1 514.3 571.4 551.8 466.8 526.1 594.1 563.3 541.6 577.9 631.6 585.2 571.2 626.5 652.0 655.7 641.8 552.0 478.2 426.9 465.4 543.2 543.6 476.5 416.7 362.1 334.6 317.1 264.9 264.0 340.2 377.3 440.5 485.3 463.1 474.3 467.5 445.7 408.4 366.4 331.7 316.2 295.7 249.5 220.7 201.5 225.6 286.3 282.6 259.2 192.7 212.9 265.1 242.4 227.4 241.8 250.3 248.1 235.9 184.0 159.1 215.7 249.0 243.5 187.5 137.5 180.8 206.3 224.1 245.3
433.8 507.2 477.8 438.1 477.6 554.6 532.3 470.7 531.7 557.3 587.9 534.3 480.7 576.1 587.8 593.2 613.3 561.0 483.1 399.9 424.1 526.8 530.1 473.5 425.7 387.4 357.6 341.2 281.6 242.6 316.7 360.2 419.4 429.3 378.7 392.5 424.7 445.4 428.0 400.8 379.7 356.2 326.1 302.4 288.5 247.7 197.6 219.9 257.1 236.1 181.8 197.5 259.1 245.4 223.6 214.3 218.3 229.2 228.4 207.5 153.8 175.2 231.8 252.4 216.5 137.9 163.8 216.2 227.9 243.2
459.5 493.2 425.6 458.1 469.9 434.2 430.2 476.4 521.4 501.0 549.6 510.2 426.1 506.9 516.0 555.6 587.4 543.6 480.4 378.8 412.4 508.4 491.5 425.6 384.5 353.9 328.5 300.8 253.4 230.9 285.4 315.4 356.6 346.6 318.8 359.7 395.4 383.8 374.1 411.3 414.6 390.7 359.6 342.3 315.4 284.0 236.2 194.8 184.2 177.3 167.7 169.9 222.2 252.7 233.6 222.3 215.0 206.8 201.7 203.7 161.5 155.6 211.8 244.1 237.7 161.1 132.7 196.7 234.4 256.9
462.9 420.3 424.4 442.3 396.2 405.4 441.1 464.8 456.1 503.1 546.8 471.8 389.7 452.7 512.8 553.1 545.1 501.5 452.2 359.7 372.4 474.0 510.8 479.0 452.2 416.9 357.9 307.8 283.5 246.0 219.9 226.7 256.8 263.4 308.2 346.6 340.1 315.1 352.5 402.0 431.4 426.6 395.3 362.5 333.5 302.6 277.0 257.7 233.6 215.4 206.2 171.9 175.5 241.7 229.9 211.6 210.7 224.1 219.7 201.4 164.1 137.4 179.4 226.7 241.5 188.3 126.1 182.3 227.4 257.6
403.0 388.7 389.8 364.8 377.8 407.2 427.7 418.2 457.0 472.1 487.7 413.7 382.8 488.9 529.8 504.8 506.8 478.2 406.8 321.7 366.4 485.1 538.5 530.4 481.8 421.2 372.2 370.6 369.4 327.4 264.0 226.3 206.3 205.3 243.0 267.4 277.6 294.8 336.4 370.3 407.7 402.4 370.2 346.6 331.0 316.1 282.7 271.7 273.7 251.5 222.9 183.3 158.8 225.4 220.1 209.7 197.0 203.7 210.4 220.6 196.3 142.1 139.3 200.0 226.0 191.7 123.5 178.1 222.8 249.2
363.3 364.7 336.7 347.0 375.3 391.0 403.4 418.3 428.4 410.3 413.8 364.7 384.3 463.0 466.3 424.7 448.3 436.6 326.0 306.1 395.3 466.4 472.2 493.8 491.6 465.7 446.3 441.8 400.5 336.8 312.9 309.8 269.1 204.3 193.6 264.4 318.9 345.6 352.9 344.5 356.7 348.1 327.8 316.0 300.4 290.2 287.9 306.5 301.6 256.0 208.1 154.7 174.4 240.4 242.9 225.4 207.4 188.1 187.1 192.1 196.7 154.0 132.4 186.5 210.2 197.3 124.9 159.1 218.3 244.8
315.5 314.5 315.0 368.0 398.7 405.0 419.0 402.1 384.8 391.8 374.6 332.0 328.6 415.6 402.1 385.0 415.1 327.2 291.4 378.8 440.9 433.6 403.2 422.3 429.5 450.3 438.1 446.8 422.0 400.3 382.6 352.2 303.7 245.9 187.0 249.8 330.8 374.8 361.4 313.0 285.7 295.4 324.5 323.0 299.5 283.9 297.7 311.3 293.2 250.3 191.4 147.2 207.7 261.8 273.5 251.1 222.0 197.9 185.2 177.4 175.2 149.8 119.0 150.4 193.7 201.7 131.1 146.2 212.5 235.8
361.2 315.2 297.9 319.0 359.4 389.9 421.4 390.4 375.9 408.2 381.5 331.2 285.7 298.4 313.2 377.2 357.8 265.3 346.4 442.8 443.9 409.0 355.0 366.4 392.8 371.2 389.6 452.1 478.4 455.8 410.9 360.3 310.9 268.2 185.8 207.1 267.0 308.1 334.7 318.3 267.4 274.0 312.1 314.5 288.6 258.5 245.9 245.5 229.4 218.7 168.2 159.0 240.6 266.6 290.2 277.0 239.9 210.4 211.7 204.6 208.2 192.3 139.5 115.9 165.6 193.6 146.6 116.0 167.0 194.0
452.9 404.6 340.5 292.5 300.5 356.7 390.5 359.6 382.2 397.1 354.3 336.5 322.8 280.9 247.5 278.9 260.9 303.5 402.4 433.7 394.8 352.2 333.7 378.7 355.5 347.7 390.5 431.6 442.3 418.2 394.8 343.5 284.6 250.0 187.1 181.2 264.4 301.6 326.7 303.6 256.5 243.9 283.3 318.2 319.0 288.9 256.0 232.1 223.9 210.6 158.9 143.2 205.7 242.2 270.1 284.2 262.1 243.2 244.1 242.0 231.6 205.3 166.4 112.1 132.4 178.4 174.4 109.3 138.0 181.7
458.6 442.6 407.7 362.7 304.5 296.3 335.7 373.6 382.8 346.8 319.6 318.5 334.5 309.2 295.7 256.4 221.5 312.7 391.0 382.0 330.6 309.6 356.7 342.5 323.4 350.9 349.9 371.9 353.9 354.4 391.7 368.9 319.6 272.6 200.0 164.0 222.2 271.2 311.3 305.1 262.3 230.4 260.3 281.9 305.5 320.8 306.5 287.9 278.3 251.6 195.3 135.3 159.9 197.8 237.4 268.3 265.7 271.2 252.4 251.4 242.2 207.5 176.2 132.3 105.3 122.7 169.0 125.6 104.4 162.7
430.6 469.3 441.9 423.9 365.5 280.6 285.1 355.7 327.2 285.0 249.8 258.1 269.0 275.5 294.3 298.4 211.7 279.9 331.8 329.4 292.1 298.7 305.5 299.5 320.9 311.4 352.4 335.2 303.0 326.6 341.2 344.1 337.0 289.6 199.6 171.5 242.3 276.0 311.4 318.9 274.9 220.6 244.3 282.8 302.1 292.4 295.0 293.4 280.9 267.1 230.6 175.0 133.1 140.0 199.3 240.7 251.4 269.1 248.8 238.2 254.3 240.7 217.1 187.2 139.5 100.2 110.7 125.6 94.7 148.3
374.7 402.8 403.0 375.7 340.7 278.1 263.6 268.4 249.1 232.5 237.8 233.3 218.3 202.3 231.3 265.1 205.0 210.5 269.7 290.0 263.6 265.1 276.1 288.9 275.5 313.7 336.1 289.2 307.7 336.8 289.2 289.2 298.2 270.2 169.7 190.1 270.1 304.6 315.6 313.0 269.2 192.1 205.2 270.1 278.2 238.1 253.4 247.1 249.6 269.6 250.6 215.1 167.6 122.8 163.8 230.2 227.6 233.5 241.7 225.7 233.3 245.9 245.7 235.5 207.7 154.6 107.4 89.6 86.3 134.8
345.6 327.7 328.6 296.6 293.7 299.7 305.8 310.1 315.6 334.2 354.0 367.9 337.4 259.4 209.7 208.9 191.4 169.2 206.3 235.9 248.8 248.1 264.4 256.8 262.4 283.9 283.7 261.0 311.9 317.7 267.4 278.3 281.4 255.5 159.4 189.2 285.5 312.2 282.1 263.0 255.1 198.0 158.8 206.6 242.0 217.2 221.4 213.9 242.7 264.9 244.4 219.2 191.2 128.6 137.7 200.7 218.3 213.8 224.7 227.6 209.8 232.2 228.3 236.3 236.1 221.3 194.5 143.8 93.1 100.7
418.0 358.1 348.3 380.4 400.7 391.5 366.0 374.6 414.2 418.7 398.3 398.1 386.1 362.2 314.0 287.7 262.6 208.6 172.3 185.5 228.2 234.5 254.9 245.3 242.1 256.6 268.5 244.2 268.2 274.4 251.7 267.0 281.5 268.7 186.5 147.7 194.0 238.4 238.9 246.7 262.5 235.3 175.8 154.2 207.8 219.2 194.3 212.9 249.4 282.0 276.6 259.4 225.7 170.0 126.9 117.1 155.0 209.4 205.1 197.6 190.3 198.5 204.3 200.7 222.0 220.9 211.7 194.2 144.1 81.7
481.3 470.4 436.7 431.2 442.3 426.1 419.0 421.1 411.9 396.6 343.5 335.1 351.7 394.3 344.5 274.9 261.7 258.9 231.2 177.7 168.7 188.0 216.8 223.6 239.3 257.9 269.3 242.7 240.6 257.6 235.1 257.9 282.3 275.8 252.6 194.6 146.2 140.0 195.9 246.7 263.7 266.3 222.5 146.9 183.1 225.1 191.5 209.9 256.1 291.6 291.9 283.6 251.8 213.6 185.4 142.1 111.2 137.3 185.2 185.8 167.4 171.9 169.9 159.6 174.5 179.8 176.5 166.9 149.0 92.1
467.9 439.4 379.3 348.9 349.4 374.1 406.0 384.0 336.1 352.8 317.6 315.5 356.4 355.0 326.6 276.5 236.5 240.0 240.4 214.3 185.5 160.0 154.6 186.8 202.2 191.8 216.4 230.9 224.9 247.0 223.9 239.5 247.9 262.0 273.5 264.6 220.6 151.1 135.7 198.6 248.8 253.5 232.2 154.6 147.6 207.1 201.1 181.6 207.1 238.6 244.8 267.1 256.5 241.2 222.9 200.7 155.6 110.5 102.6 120.3 148.9 150.0 165.3 159.4 142.1 135.5 134.6 129.0 122.3 97.0
382.3 371.6 396.6 369.6 307.7 310.3 356.7 345.8 303.9 331.3 310.5 305.2 333.3 286.8 256.2 236.1 215.7 195.1 168.8 150.6 147.0 165.2 149.0 129.9 131.9 126.2 135.2 165.2 208.0 233.8 214.6 219.8 232.8 241.1 252.2 249.4 247.1 221.7 147.4 134.4 175.5 223.4 240.2 182.9 128.0 188.8 236.2 209.8 175.8 168.9 210.4 239.1 219.3 194.8 197.7 181.5 168.2 149.2 120.1 91.2 89.7 111.6 129.9 127.6 123.3 120.2 118.3 116.2 113.5 108.6
339.2 332.1 372.0 399.1 335.8 259.0 294.5 337.8 296.7 254.2 265.3 288.3 265.5 207.3 176.7 164.3 159.8 147.6 150.9 162.8 148.3 143.2 132.2 134.9 172.6 171.2 140.1 125.2 164.1 222.0 208.7 209.5 220.5 229.1 224.0 213.4 222.7 237.4 210.6 154.6 119.7 170.1 220.7 204.4 130.2 149.9 221.3 222.4 187.2 151.5 150.7 158.3 155.3 148.9 144.2 137.3 134.5 131.1 127.4 113.1 83.7 77.0 96.2 109.5 111.9 109.9 109.1 105.2 97.2 85.6
328.1 302.6 339.9 343.7 284.8 192.5 181.3 179.0 179.5 169.3 187.4 186.1 168.0 155.6 162.8 172.6 176.4 189.5 208.4 212.8 188.3 171.5 154.0 141.8 184.0 176.6 152.2 136.8 123.6 149.2 177.7 193.8 209.2 203.9 198.4 195.1 193.2 197.8 204.6 202.4 147.3 114.1 144.9 176.8 125.3 97.6 116.5 121.7 126.2 124.6 129.6 126.6 126.6 130.5 127.5 126.6 124.1 120.5 117.1 114.7 103.9 79.6 71.3 83.3 104.7 107.2 99.9 70.1 55.2 54.3
332.7 309.6 264.1 244.1 194.6 172.4 193.3 188.7 177.8 158.9 154.2 176.4 220.1 236.0 260.6 271.9 259.9 241.8 210.6 199.3 164.4 159.6 158.4 163.7 183.6 166.7 165.2 173.8 147.5 115.8 118.8 138.2 162.0 163.0 168.2 166.6 164.1 164.1 162.2 166.8 148.0 100.5 91.3 90.4 85.7 88.4 94.7 84.4 81.2 85.0 110.6 118.7 118.3 116.7 115.4 103.1 90.7 99.6 98.1 85.0 81.6 76.9 65.7 63.7 70.0 71.7 63.4 57.0 72.6 91.8
313.3 299.6 266.4 192.1 172.6 251.6 291.9 281.0 263.1 239.5 247.3 285.1 342.0 317.7 273.9 220.4 187.6 182.6 186.0 187.8 211.0 255.8 248.7 234.8 203.6 193.2 209.7 197.1 179.2 157.8 134.2 117.9 117.8 112.8 113.0 111.5 108.6 104.7 100.0 99.3 95.9 90.5 95.2 100.3 116.7 125.0 118.6 93.1 82.2 78.4 78.0 77.2 75.3 73.8 73.0 69.5 69.5 70.4 71.0 75.1 84.6 86.0 85.9 85.7 82.3 84.7 94.1 97.6 107.9 123.8
308.2 288.4 219.1 181.1 242.3 331.9 353.7 346.1 327.9 313.1 338.2 370.7 343.2 252.0 211.4 225.5 256.6 276.8 302.3 313.7 331.5 336.8 333.7 308.6 266.6 261.5 264.3 237.7 225.7 202.5 186.6 173.5 167.2 155.3 137.4 123.8 118.4 120.2 131.8 125.5 133.9 129.8 117.1 110.6 113.2 113.2 98.1 93.4 111.5 116.0 111.0 109.7 103.8 108.5 108.4 106.7 116.8 124.6 127.3 130.2 141.5 143.2 138.2 133.2 138.2 145.4 153.1 151.4 129.3 147.4
291.5 225.8 186.9 222.5 312.3 377.3 387.4 387.2 381.4 389.7 413.0 379.5 244.1 242.1 302.4 350.1 364.7 380.9 398.0 414.2 416.1 404.1 410.7 398.0 348.1 325.7 310.4 270.8 232.2 218.3 218.0 220.2 210.2 198.1 169.6 143.8 142.0 159.5 166.8 165.9 164.5 127.8 120.8 131.2 117.5 106.2 108.1 131.2 149.5 152.6 155.6 160.6 158.4 155.3 160.6 153.9 155.9 159.1 152.7 148.1 157.0 160.2 162.1 176.4 169.7 173.4 171.2 153.8 141.5 150.5
234.3 187.8 232.5 286.1 347.9 413.5 431.1 447.0 445.5 460.4 466.8 375.6 246.6 299.4 409.4 452.4 459.1 468.8 478.1 494.3 495.6 484.0 473.8 444.8 401.3 397.4 376.7 305.0 261.4 225.1 208.2 193.1 187.8 184.6 175.3 154.1 164.5 194.5 179.9 179.6 164.5 133.1 157.3 185.2 177.0 168.0 175.3 187.3 193.5 194.8 196.8 190.6 186.4 190.3 208.9 212.2 206.4 195.4 179.1 176.4 187.9 199.3 206.6 229.9 214.9 220.5 206.7 195.3 169.4 166.7
196.7 228.1 318.9 377.6 428.1 469.1 509.8 525.2 522.7 519.9 479.3 350.2 262.9 318.2 415.7 499.0 544.1 575.4 577.2 577.5 581.8 572.4 554.9 490.9 482.9 501.7 435.4 363.9 342.4 293.4 291.7 267.8 237.9 190.9 170.9 173.4 174.1 219.7 214.0 200.9 173.0 147.0 192.6 226.0 227.2 229.9 245.0 265.5 265.0 260.5 256.7 242.3 290.0 290.0 290.0 290.0 290.0 290.0 290.0 290.0 290.0 290.0 290.0 290.0 290.0 295.3 268.1 230.4 235.6 245.3
200.9 304.1 388.4 447.7 490.9 500.8 546.3 596.3 616.5 581.0 498.8 392.4 287.2 328.8 392.5 495.6 572.6 646.5 680.3 671.1 684.8 703.5 653.5 554.4 561.8 565.4 505.3 458.9 415.6 363.7 369.9 347.3 313.8 267.8 226.4 212.6 181.6 216.3 237.1 228.1 215.7 162.5 195.6 229.7 249.0 265.7 296.5 339.1 344.7 323.6 319.5 304.1 290.7 295.2 315.7 329.9 319.7 -9999.0 -9999.0 -9999.0 -9999.0 -9999.0 -9999.0 -9999.0 -9999.0 -9999.0 306.2 295.8 304.9 311.3
272.0 334.7 423.4 508.5 524.5 544.4 584.4 662.5 685.2 637.7 562.2 460.9 324.9 363.2 431.5 494.5 569.6 660.6 728.4 751.1 759.2 762.4 705.4 616.7 599.6 591.2 588.4 564.8 480.6 439.1 431.7 402.2 348.6 296.7 265.6 242.0 201.5 221.9 264.6 267.9 245.4 172.9 193.6 232.7 250.3 270.2 296.8 347.0 366.7 352.7 346.5 341.4 334.5 332.8 -9999.0 -9999.0 -9999.0 -9999.0 -9999.0 -9999.0 -9999.0 -9999.0 -9999.0 -9999.0 -9999.0 -9999.0 -9999.0 -9999.0 -9999.0 -9999.0
364.7 374.0 444.6 532.4 563.4 607.8 655.8 695.4 681.8 623.5 505.9 397.5 325.1 390.2 474.3 526.5 581.3 643.1 734.1 803.4 795.2 774.5 741.4 708.6 686.8 651.9 625.8 593.1 550.4 519.5 480.8 432.7 375.1 337.5 309.5 261.2 224.9 236.4 273.0 291.4 262.4 198.2 199.8 272.1 303.4 324.5 339.3 342.4 -9999.0 -9999.0 -9999.0 -9999.0 -9999.0 -9999.0 -9999.0 -9999.0 -9999.0 -9999.0 -9999.0 -9999.0 -9999.0 -9999.0 -9999.0 -9999.0 -9999.0 -9999.0 -9999.0 -9999.0 -9999.0 -9999.0
344.3 397.5 451.9 528.7 605.6 651.1 618.5 615.3 630.9 560.5 399.2 342.3 362.5 393.8 451.2 546.9 643.9 680.2 741.2 832.5 833.8 803.5 809.8 806.1 772.7 721.9 674.0 637.7 619.3 594.2 540.3 465.5 382.8 321.4 288.1 262.4 287.4 294.0 302.0 325.3 328.1 246.5 200.4 270.1 316.7 348.0 351.8 -9999.0 -9999.0 -9999.0 -9999.0 -9999.0 -9999.0 -9999.0 -9999.0 -9999.0 -9999.0 -9999.0 -9999.0 -9999.0 -9999.0 -9999.0 -9999.0 -9999.0 -9999.0 -9999.0 -9999.0 -9999.0 -9999.0 -9999.0
350.5 380.8 450.7 528.3 603.3 620.8 529.1 506.8 538.7 477.4 348.4 394.2 461.8 446.9 490.3 584.6 692.0 758.2 809.7 874.8 889.4 857.1 873.4 877.2 846.7 797.9 741.4 703.7 671.4 622.5 552.9 467.3 407.2 395.8 381.4 344.6 344.7 353.3 350.5 345.4 349.4 260.4 213.0 293.7 347.0 365.7 -9999.0 -9999.0 -9999.0 -9999.0 -9999.0 -9999.0 -9999.0 -9999.0 -9999.0 -9999.0 -9999.0 -9999.0 -9999.0 -9999.0 -9999.0 -9999.0 -9999.0 -9999.0 -9999.0 -9999.0 -9999.0 -9999.0 -9999.0 -9999.0
