hydro/data/static_data/land/marche.lon.txt
ncols	643
nrows	534
xllcorner	12.041800
yllcorner	42.520600
cellsize	0.003003
NODATA_value	-9999.000000
[rows 348 to 376 of 534, columns 134 to 200 of 643]
12.4457 12.4487 12.4517 12.4547 12.4577 12.4607 12.4637 12.4667 12.4697 12.4727 12.4757 12.4787 12.4817 12.4847 12.4877 12.4907 12.4938 12.4968 12.4998 12.5028 12.5058 12.5088 12.5118 12.5148 12.5178 12.5208 12.5238 12.5268 12.5298 12.5328 12.5358 12.5388 12.5418 12.5448 12.5478 12.5508 12.5538 12.5568 12.5598 12.5628 12.5658 12.5688 12.5718 12.5748 12.5778 12.5808 12.5838 12.5868 12.5898 12.5929 12.5959 12.5989 12.6019 12.6049 12.6079 12.6109 12.6139 12.6169 12.6199 12.6229 12.6259 12.6289 12.6319 12.6349 12.6379 12.6409 12.6439
12.4457 12.4487 12.4517 12.4547 12.4577 12.4607 12.4637 12.4667 12.4697 12.4727 12.4757 12.4787 12.4817 12.4847 12.4877 12.4907 12.4938 12.4968 12.4998 12.5028 12.5058 12.5088 12.5118 12.5148 12.5178 12.5208 12.5238 12.5268 12.5298 12.5328 12.5358 12.5388 12.5418 12.5448 12.5478 12.5508 12.5538 12.5568 12.5598 12.5628 12.5658 12.5688 12.5718 12.5748 12.5778 12.5808 12.5838 12.5868 12.5898 12.5929 12.5959 12.5989 12.6019 12.6049 12.6079 12.6109 12.6139 12.6169 12.6199 12.6229 12.6259 12.6289 12.6319 12.6349 12.6379 12.6409 12.6439
12.4457 12.4487 12.4517 12.4547 12.4577 12.4607 12.4637 12.4667 12.4697 12.4727 12.4757 12.4787 12.4817 12.4847 12.4877 12.4907 12.4938 12.4968 12.4998 12.5028 12.5058 12.5088 12.5118 12.5148 12.5178 12.5208 12.5238 12.5268 12.5298 12.5328 12.5358 12.5388 12.5418 12.5448 12.5478 12.5508 12.5538 12.5568 12.5598 12.5628 12.5658 12.5688 12.5718 12.5748 12.5778 12.5808 12.5838 12.5868 12.5898 12.5929 12.5959 12.5989 12.6019 12.6049 12.6079 12.6109 12.6139 12.6169 12.6199 12.6229 12.6259 12.6289 12.6319 12.6349 12.6379 12.6409 12.6439
12.4457 12.4487 12.4517 12.4547 12.4577 12.4607 12.4637 12.4667 12.4697 12.4727 12.4757 12.4787 12.4817 12.4847 12.4877 12.4907 12.4938 12.4968 12.4998 12.5028 12.5058 12.5088 12.5118 12.5148 12.5178 12.5208 12.5238 12.5268 12.5298 12.5328 12.5358 12.5388 12.5418 12.5448 12.5478 12.5508 12.5538 12.5568 12.5598 12.5628 12.5658 12.5688 12.5718 12.5748 12.5778 12.5808 12.5838 12.5868 12.5898 12.5929 12.5959 12.5989 12.6019 12.6049 12.6079 12.6109 12.6139 12.6169 12.6199 12.6229 12.6259 12.6289 12.6319 12.6349 12.6379 12.6409 12.6439
12.4457 12.4487 12.4517 12.4547 12.4577 12.4607 12.4637 12.4667 12.4697 12.4727 12.4757 12.4787 12.4817 12.4847 12.4877 12.4907 12.4938 12.4968 12.4998 12.5028 12.5058 12.5088 12.5118 12.5148 12.5178 12.5208 12.5238 12.5268 12.5298 12.5328 12.5358 12.5388 12.5418 12.5448 12.5478 12.5508 12.5538 12.5568 12.5598 12.5628 12.5658 12.5688 12.5718 12.5748 12.5778 12.5808 12.5838 12.5868 12.5898 12.5929 12.5959 12.5989 12.6019 12.6049 12.6079 12.6109 12.6139 12.6169 12.6199 12.6229 12.6259 12.6289 12.6319 12.6349 12.6379 12.6409 12.6439
12.4457 12.4487 12.4517 12.4547 12.4577 12.4607 12.4637 12.4667 12.4697 12.4727 12.4757 12.4787 12.4817 12.4847 12.4877 12.4907 12.4938 12.4968 12.4998 12.5028 12.5058 12.5088 12.5118 12.5148 12.5178 12.5208 12.5238 12.5268 12.5298 12.5328 12.5358 12.5388 12.5418 12.5448 12.5478 12.5508 12.5538 12.5568 12.5598 12.5628 12.5658 12.5688 12.5718 12.5748 12.5778 12.5808 12.5838 12.5868 12.5898 12.5929 12.5959 12.5989 12.6019 12.6049 12.6079 12.6109 12.6139 12.6169 12.6199 12.6229 12.6259 12.6289 12.6319 12.6349 12.6379 12.6409 12.6439
12.4457 12.4487 12.4517 12.4547 12.4577 12.4607 12.4637 12.4667 12.4697 12.4727 12.4757 12.4787 12.4817 12.4847 12.4877 12.4907 12.4938 12.4968 12.4998 12.5028 12.5058 12.5088 12.5118 12.5148 12.5178 12.5208 12.5238 12.5268 12.5298 12.5328 12.5358 12.5388 12.5418 12.5448 12.5478 12.5508 12.5538 12.5568 12.5598 12.5628 12.5658 12.5688 12.5718 12.5748 12.5778 12.5808 12.5838 12.5868 12.5898 12.5929 12.5959 12.5989 12.6019 12.6049 12.6079 12.6109 12.6139 12.6169 12.6199 12.6229 12.6259 12.6289 12.6319 12.6349 12.6379 12.6409 12.6439
12.4457 12.4487 12.4517 12.4547 12.4577 12.4607 12.4637 12.4667 12.4697 12.4727 12.4757 12.4787 12.4817 12.4847 12.4877 12.4907 12.4938 12.4968 12.4998 12.5028 12.5058 12.5088 12.5118 12.5148 12.5178 12.5208 12.5238 12.5268 12.5298 12.5328 12.5358 12.5388 12.5418 12.5448 12.5478 12.5508 12.5538 12.5568 12.5598 12.5628 12.5658 12.5688 12.5718 12.5748 12.5778 12.5808 12.5838 12.5868 12.5898 12.5929 12.5959 12.5989 12.6019 12.6049 12.6079 12.6109 12.6139 12.6169 12.6199 12.6229 12.6259 12.6289 12.6319 12.6349 12.6379 12.6409 12.6439
12.4457 12.4487 12.4517 12.4547 12.4577 12.4607 12.4637 12.4667 12.4697 12.4727 12.4757 12.4787 12.4817 12.4847 12.4877 12.4907 12.4938 12.4968 12.4998 12.5028 12.5058 12.5088 12.5118 12.5148 12.5178 12.5208 12.5238 12.5268 12.5298 12.5328 12.5358 12.5388 12.5418 12.5448 12.5478 12.5508 12.5538 12.5568 12.5598 12.5628 12.5658 12.5688 12.5718 12.5748 12.5778 12.5808 12.5838 12.5868 12.5898 12.5929 12.5959 12.5989 12.6019 12.6049 12.6079 12.6109 12.6139 12.6169 12.6199 12.6229 12.6259 12.6289 12.6319 12.6349 12.6379 12.6409 12.6439
12.4457 12.4487 12.4517 12.4547 12.4577 12.4607 12.4637 12.4667 12.4697 12.4727 12.4757 12.4787 12.4817 12.4847 12.4877 12.4907 12.4938 12.4968 12.4998 12.5028 12.5058 12.5088 12.5118 12.5148 12.5178 12.5208 12.5238 12.5268 12.5298 12.5328 12.5358 12.5388 12.5418 12.5448 12.5478 12.5508 12.5538 12.5568 12.5598 12.5628 12.5658 12.5688 12.5718 12.5748 12.5778 12.5808 12.5838 12.5868 12.5898 12.5929 12.5959 12.5989 12.6019 12.6049 12.6079 12.6109 12.6139 12.6169 12.6199 12.6229 12.6259 12.6289 12.6319 12.6349 12.6379 12.6409 12.6439
12.4457 12.4487 12.4517 12.4547 12.4577 12.4607 12.4637 12.4667 12.4697 12.4727 12.4757 12.4787 12.4817 12.4847 12.4877 12.4907 12.4938 12.4968 12.4998 12.5028 12.5058 12.5088 12.5118 12.5148 12.5178 12.5208 12.5238 12.5268 12.5298 12.5328 12.5358 12.5388 12.5418 12.5448 12.5478 12.5508 12.5538 12.5568 12.5598 12.5628 12.5658 12.5688 12.5718 12.5748 12.5778 12.5808 12.5838 12.5868 12.5898 12.5929 12.5959 12.5989 12.6019 12.6049 12.6079 12.6109 12.6139 12.6169 12.6199 12.6229 12.6259 12.6289 12.6319 12.6349 12.6379 12.6409 12.6439
12.4457 12.4487 12.4517 12.4547 12.4577 12.4607 12.4637 12.4667 12.4697 12.4727 12.4757 12.4787 12.4817 12.4847 12.4877 12.4907 12.4938 12.4968 12.4998 12.5028 12.5058 12.5088 12.5118 12.5148 12.5178 12.5208 12.5238 12.5268 12.5298 12.5328 12.5358 12.5388 12.5418 12.5448 12.5478 12.5508 12.5538 12.5568 12.5598 12.5628 12.5658 12.5688 12.5718 12.5748 12.5778 12.5808 12.5838 12.5868 12.5898 12.5929 12.5959 12.5989 12.6019 12.6049 12.6079 12.6109 12.6139 12.6169 12.6199 12.6229 12.6259 12.6289 12.6319 12.6349 12.6379 12.6409 12.6439
12.4457 12.4487 12.4517 12.4547 12.4577 12.4607 12.4637 12.4667 12.4697 12.4727 12.4757 12.4787 12.4817 12.4847 12.4877 12.4907 12.4938 12.4968 12.4998 12.5028 12.5058 12.5088 12.5118 12.5148 12.5178 12.5208 12.5238 12.5268 12.5298 12.5328 12.5358 12.5388 12.5418 12.5448 12.5478 12.5508 12.5538 12.5568 12.5598 12.5628 12.5658 12.5688 12.5718 12.5748 12.5778 12.5808 12.5838 12.5868 12.5898 12.5929 12.5959 12.5989 12.6019 12.6049 12.6079 12.6109 12.6139 12.6169 12.6199 12.6229 12.6259 12.6289 12.6319 12.6349 12.6379 12.6409 12.6439
12.4457 12.4487 12.4517 12.4547 12.4577 12.4607 12.4637 12.4667 12.4697 12.4727 12.4757 12.4787 12.4817 12.4847 12.4877 12.4907 12.4938 12.4968 12.4998 12.5028 12.5058 12.5088 12.5118 12.5148 12.5178 12.5208 12.5238 12.5268 12.5298 12.5328 12.5358 12.5388 12.5418 12.5448 12.5478 12.5508 12.5538 12.5568 12.5598 12.5628 12.5658 12.5688 12.5718 12.5748 12.5778 12.5808 12.5838 12.5868 12.5898 12.5929 12.5959 12.5989 12.6019 12.6049 12.6079 12.6109 12.6139 12.6169 12.6199 12.6229 12.6259 12.6289 12.6319 12.6349 12.6379 12.6409 12.6439
12.4457 12.4487 12.4517 12.4547 12.4577 12.4607 12.4637 12.4667 12.4697 12.4727 12.4757 12.4787 12.4817 12.4847 12.4877 12.4907 12.4938 12.4968 12.4998 12.5028 12.5058 12.5088 12.5118 12.5148 12.5178 12.5208 12.5238 12.5268 12.5298 12.5328 12.5358 12.5388 12.5418 12.5448 12.5478 12.5508 12.5538 12.5568 12.5598 12.5628 12.5658 12.5688 12.5718 12.5748 12.5778 12.5808 12.5838 12.5868 12.5898 12.5929 12.5959 12.5989 12.6019 12.6049 12.6079 12.6109 12.6139 12.6169 12.6199 12.6229 12.6259 12.6289 12.6319 12.6349 12.6379 12.6409 12.6439
12.4457 12.4487 12.4517 12.4547 12.4577 12.4607 12.4637 12.4667 12.4697 12.4727 12.4757 12.4787 12.4817 12.4847 12.4877 12.4907 12.4938 12.4968 12.4998 12.5028 12.5058 12.5088 12.5118 12.5148 12.5178 12.5208 12.5238 12.5268 12.5298 12.5328 12.5358 12.5388 12.5418 12.5448 12.5478 12.5508 12.5538 12.5568 12.5598 12.5628 12.5658 12.5688 12.5718 12.5748 12.5778 12.5808 12.5838 12.5868 12.5898 12.5929 12.5959 12.5989 12.6019 12.6049 12.6079 12.6109 12.6139 12.6169 12.6199 12.6229 12.6259 12.6289 12.6319 12.6349 12.6379 12.6409 12.6439
12.4457 12.4487 12.4517 12.4547 12.4577 12.4607 12.4637 12.4667 12.4697 12.4727 12.4757 12.4787 12.4817 12.4847 12.4877 12.4907 12.4938 12.4968 12.4998 12.5028 12.5058 12.5088 12.5118 12.5148 12.5178 12.5208 12.5238 12.5268 12.5298 12.5328 12.5358 12.5388 12.5418 12.5448 12.5478 12.5508 12.5538 12.5568 12.5598 12.5628 12.5658 12.5688 12.5718 12.5748 12.5778 12.5808 12.5838 12.5868 12.5898 12.5929 12.5959 12.5989 12.6019 12.6049 12.6079 12.6109 12.6139 12.6169 12.6199 12.6229 12.6259 12.6289 12.6319 12.6349 12.6379 12.6409 12.6439
12.4457 12.4487 12.4517 12.4547 12.4577 12.4607 12.4637 12.4667 12.4697 12.4727 12.4757 12.4787 12.4817 12.4847 12.4877 12.4907 12.4938 12.4968 12.4998 12.5028 12.5058 12.5088 12.5118 12.5148 12.5178 12.5208 12.5238 12.5268 12.5298 12.5328 12.5358 12.5388 12.5418 12.5448 12.5478 12.5508 12.5538 12.5568 12.5598 12.5628 12.5658 12.5688 12.5718 12.5748 12.5778 12.5808 12.5838 12.5868 12.5898 12.5929 12.5959 12.5989 12.6019 12.6049 12.6079 12.6109 12.6139 12.6169 12.6199 12.6229 12.6259 12.6289 12.6319 12.6349 12.6379 12.6409 12.6439
12.4457 12.4487 12.4517 12.4547 12.4577 12.4607 12.4637 12.4667 12.4697 12.4727 12.4757 12.4787 12.4817 12.4847 12.4877 12.4907 12.4938 12.4968 12.4998 12.5028 12.5058 12.5088 12.5118 12.5148 12.5178 12.5208 12.5238 12.5268 12.5298 12.5328 12.5358 12.5388 12.5418 12.5448 12.5478 12.5508 12.5538 12.5568 12.5598 12.5628 12.5658 12.5688 12.5718 12.5748 12.5778 12.5808 12.5838 12.5868 12.5898 12.5929 12.5959 12.5989 12.6019 12.6049 12.6079 12.6109 12.6139 12.6169 12.6199 12.6229 12.6259 12.6289 12.6319 12.6349 12.6379 12.6409 12.6439
12.4457 12.4487 12.4517 12.4547 12.4577 12.4607 12.4637 12.4667 12.4697 12.4727 12.4757 12.4787 12.4817 12.4847 12.4877 12.4907 12.4938 12.4968 12.4998 12.5028 12.5058 12.5088 12.5118 12.5148 12.5178 12.5208 12.5238 12.5268 12.5298 12.5328 12.5358 12.5388 12.5418 12.5448 12.5478 12.5508 12.5538 12.5568 12.5598 12.5628 12.5658 12.5688 12.5718 12.5748 12.5778 12.5808 12.5838 12.5868 12.5898 12.5929 12.5959 12.5989 12.6019 12.6049 12.6079 12.6109 12.6139 12.6169 12.6199 12.6229 12.6259 12.6289 12.6319 12.6349 12.6379 12.6409 12.6439
12.4457 12.4487 12.4517 12.4547 12.4577 12.4607 12.4637 12.4667 12.4697 12.4727 12.4757 12.4787 12.4817 12.4847 12.4877 12.4907 12.4938 12.4968 12.4998 12.5028 12.5058 12.5088 12.5118 12.5148 12.5178 12.5208 12.5238 12.5268 12.5298 12.5328 12.5358 12.5388 12.5418 12.5448 12.5478 12.5508 12.5538 12.5568 12.5598 12.5628 12.5658 12.5688 12.5718 12.5748 12.5778 12.5808 12.5838 12.5868 12.5898 12.5929 12.5959 12.5989 12.6019 12.6049 12.6079 12.6109 12.6139 12.6169 12.6199 12.6229 12.6259 12.6289 12.6319 12.6349 12.6379 12.6409 12.6439
12.4457 12.4487 12.4517 12.4547 12.4577 12.4607 12.4637 12.4667 12.4697 12.4727 12.4757 12.4787 12.4817 12.4847 12.4877 12.4907 12.4938 12.4968 12.4998 12.5028 12.5058 12.5088 12.5118 12.5148 12.5178 12.5208 12.5238 12.5268 12.5298 12.5328 12.5358 12.5388 12.5418 12.5448 12.5478 12.5508 12.5538 12.5568 12.5598 12.5628 12.5658 12.5688 12.5718 12.5748 12.5778 12.5808 12.5838 12.5868 12.5898 12.5929 12.5959 12.5989 12.6019 12.6049 12.6079 12.6109 12.6139 12.6169 12.6199 12.6229 12.6259 12.6289 12.6319 12.6349 12.6379 12.6409 12.6439
12.4457 12.4487 12.4517 12.4547 12.4577 12.4607 12.4637 12.4667 12.4697 12.4727 12.4757 12.4787 12.4817 12.4847 12.4877 12.4907 12.4938 12.4968 12.4998 12.5028 12.5058 12.5088 12.5118 12.5148 12.5178 12.5208 12.5238 12.5268 12.5298 12.5328 12.5358 12.5388 12.5418 12.5448 12.5478 12.5508 12.5538 12.5568 12.5598 12.5628 12.5658 12.5688 12.5718 12.5748 12.5778 12.5808 12.5838 12.5868 12.5898 12.5929 12.5959 12.5989 12.6019 12.6049 12.6079 12.6109 12.6139 12.6169 12.6199 12.6229 12.6259 12.6289 12.6319 12.6349 12.6379 12.6409 12.6439
12.4457 12.4487 12.4517 12.4547 12.4577 12.4607 12.4637 12.4667 12.4697 12.4727 12.4757 12.4787 12.4817 12.4847 12.4877 12.4907 12.4938 12.4968 12.4998 12.5028 12.5058 12.5088 12.5118 12.5148 12.5178 12.5208 12.5238 12.5268 12.5298 12.5328 12.5358 12.5388 12.5418 12.5448 12.5478 12.5508 12.5538 12.5568 12.5598 12.5628 12.5658 12.5688 12.5718 12.5748 12.5778 12.5808 12.5838 12.5868 12.5898 12.5929 12.5959 12.5989 12.6019 12.6049 12.6079 12.6109 12.6139 12.6169 12.6199 12.6229 12.6259 12.6289 12.6319 12.6349 12.6379 12.6409 12.6439
12.4457 12.4487 12.4517 12.4547 12.4577 12.4607 12.4637 12.4667 12.4697 12.4727 12.4757 12.4787 12.4817 12.4847 12.4877 12.4907 12.4938 12.4968 12.4998 12.5028 12.5058 12.5088 12.5118 12.5148 12.5178 12.5208 12.5238 12.5268 12.5298 12.5328 12.5358 12.5388 12.5418 12.5448 12.5478 12.5508 12.5538 12.5568 12.5598 12.5628 12.5658 12.5688 12.5718 12.5748 12.5778 12.5808 12.5838 12.5868 12.5898 12.5929 12.5959 12.5989 12.6019 12.6049 12.6079 12.6109 12.6139 12.6169 12.6199 12.6229 12.6259 12.6289 12.6319 12.6349 12.6379 12.6409 12.6439
12.4457 12.4487 12.4517 12.4547 12.4577 12.4607 12.4637 12.4667 12.4697 12.4727 12.4757 12.4787 12.4817 12.4847 12.4877 12.4907 12.4938 12.4968 12.4998 12.5028 12.5058 12.5088 12.5118 12.5148 12.5178 12.5208 12.5238 12.5268 12.5298 12.5328 12.5358 12.5388 12.5418 12.5448 12.5478 12.5508 12.5538 12.5568 12.5598 12.5628 12.5658 12.5688 12.5718 12.5748 12.5778 12.5808 12.5838 12.5868 12.5898 12.5929 12.5959 12.5989 12.6019 12.6049 12.6079 12.6109 12.6139 12.6169 12.6199 12.6229 12.6259 12.6289 12.6319 12.6349 12.6379 12.6409 12.6439
12.4457 12.4487 12.4517 12.4547 12.4577 12.4607 12.4637 12.4667 12.4697 12.4727 12.4757 12.4787 12.4817 12.4847 12.4877 12.4907 12.4938 12.4968 12.4998 12.5028 12.5058 12.5088 12.5118 12.5148 12.5178 12.5208 12.5238 12.5268 12.5298 12.5328 12.5358 12.5388 12.5418 12.5448 12.5478 12.5508 12.5538 12.5568 12.5598 12.5628 12.5658 12.5688 12.5718 12.5748 12.5778 12.5808 12.5838 12.5868 12.5898 12.5929 12.5959 12.5989 12.6019 12.6049 12.6079 12.6109 12.6139 12.6169 12.6199 12.6229 12.6259 12.6289 12.6319 12.6349 12.6379 12.6409 12.6439
12.4457 12.4487 12.4517 12.4547 12.4577 12.4607 12.4637 12.4667 12.4697 12.4727 12.4757 12.4787 12.4817 12.4847 12.4877 12.4907 12.4938 12.4968 12.4998 12.5028 12.5058 12.5088 12.5118 12.5148 12.5178 12.5208 12.5238 12.5268 12.5298 12.5328 12.5358 12.5388 12.5418 12.5448 12.5478 12.5508 12.5538 12.5568 12.5598 12.5628 12.5658 12.5688 12.5718 12.5748 12.5778 12.5808 12.5838 12.5868 12.5898 12.5929 12.5959 12.5989 12.6019 12.6049 12.6079 12.6109 12.6139 12.6169 12.6199 12.6229 12.6259 12.6289 12.6319 12.6349 12.6379 12.6409 12.6439
12.4457 12.4487 12.4517 12.4547 12.4577 12.4607 12.4637 12.4667 12.4697 12.4727 12.4757 12.4787 12.4817 12.4847 12.4877 12.4907 12.4938 12.4968 12.4998 12.5028 12.5058 12.5088 12.5118 12.5148 12.5178 12.5208 12.5238 12.5268 12.5298 12.5328 12.5358 12.5388 12.5418 12.5448 12.5478 12.5508 12.5538 12.5568 12.5598 12.5628 12.5658 12.5688 12.5718 12.5748 12.5778 12.5808 12.5838 12.5868 12.5898 12.5929 12.5959 12.5989 12.6019 12.6049 12.6079 12.6109 12.6139 12.6169 12.6199 12.6229 12.6259 12.6289 12.6319 12.6349 12.6379 12.6409 12.6439
