hydro/data/static_data/land/marche.aspect.txt
ncols	643
nrows	534
xllcorner	12.041800
yllcorner	42.520600
cellsize	0.003003
NODATA_value	-9999.000000
[rows 377 to 405 of 534, columns 335 to 401 of 643]
9.83 53.36 76.49 304.79 296.19 3.37 34.95 17.01 247.57 247.41 259.52 264.79 261.72 235.73 92.24 45.55 284.39 333.43 70.57 69.30 266.12 254.13 247.96 255.17 259.92 241.36 228.27 229.59 238.83 251.61 260.41 45.66 86.12 94.19 100.18 100.70 96.05 8.03 304.22 314.84 342.50 355.86 337.03 302.59 285.48 291.85 323.32 8.44 44.82 51.56 43.00 43.65 46.78 293.69 267.80 301.32 11.64 32.09 30.99 311.87 239.39 246.20 254.97 257.90 126.46 104.77 107.21
41.88 68.67 71.99 309.90 294.39 328.95 34.58 53.18 288.05 266.73 265.61 261.86 256.41 247.62 71.76 47.87 259.91 213.72 100.34 87.05 287.57 281.99 289.32 287.98 274.15 213.36 209.55 225.50 238.22 247.81 257.63 317.32 40.80 57.72 71.68 83.02 76.02 326.98 293.90 279.16 291.16 339.09 347.60 335.66 326.66 322.10 318.41 37.59 78.34 75.76 76.68 81.24 77.51 25.15 261.78 258.58 297.48 23.92 31.82 28.18 347.17 255.22 256.78 269.23 355.47 40.43 55.33
82.65 93.14 88.76 300.98 302.96 329.66 63.49 77.36 328.31 276.16 274.28 269.50 266.41 269.25 11.67 48.72 4.77 215.76 100.55 82.35 289.22 262.15 252.30 239.63 209.29 176.01 195.09 230.90 241.09 243.27 247.85 263.02 30.86 63.02 72.34 71.82 50.90 326.85 298.34 285.81 273.42 276.26 303.88 317.16 318.47 329.17 19.29 119.20 133.71 129.21 126.00 114.85 71.74 14.38 311.10 278.33 281.85 337.91 28.68 39.63 38.56 293.58 259.93 262.49 306.94 18.15 47.61
130.02 99.25 31.29 322.35 305.86 87.75 129.07 110.48 308.61 279.70 272.10 266.24 262.95 264.73 305.77 43.37 28.64 24.46 70.71 54.58 333.12 254.08 225.01 209.44 193.26 178.31 202.53 238.77 245.37 244.39 244.54 239.17 191.34 90.91 65.27 47.58 29.94 4.34 309.61 291.56 294.55 288.84 277.71 272.54 273.79 278.68 98.79 109.52 120.47 97.63 40.29 17.58 8.01 11.19 355.93 314.82 307.75 323.85 33.02 65.30 65.28 351.12 278.29 271.27 287.34 357.49 43.35
26.57 1.25 8.56 359.97 348.74 96.04 80.32 13.16 345.37 298.75 276.66 266.29 265.62 273.59 309.12 19.59 21.04 25.39 45.55 37.37 8.63 332.58 279.76 264.56 260.17 293.40 287.41 275.08 259.02 245.37 237.78 223.80 199.79 167.65 37.70 25.68 25.02 22.63 355.60 309.01 292.94 278.89 260.21 252.78 254.76 256.87 69.02 61.04 40.59 5.30 354.22 2.24 12.25 26.31 8.77 325.34 322.40 345.10 72.00 93.45 87.80 334.84 308.66 298.57 297.25 337.46 25.79
347.73 358.45 22.41 30.16 45.22 64.51 341.23 350.53 11.48 325.13 292.21 283.49 276.82 279.95 309.34 5.32 21.04 24.94 28.20 26.79 19.06 8.71 315.98 300.95 322.57 341.30 326.27 304.53 268.25 230.05 219.66 209.65 205.08 220.42 266.38 355.42 22.44 25.87 8.13 344.62 341.27 347.51 302.76 247.52 248.98 258.43 348.69 27.55 27.88 8.55 330.53 354.90 36.52 40.74 7.58 333.90 330.88 96.69 115.31 110.59 78.81 315.65 315.54 312.92 309.64 331.34 5.16
344.83 15.83 44.13 53.60 68.38 57.47 309.47 339.91 39.41 355.52 296.91 292.29 286.08 280.47 291.68 350.86 21.94 24.65 28.62 17.10 10.48 20.81 358.57 266.69 250.51 246.63 261.45 263.79 219.12 182.40 192.44 202.53 217.15 237.48 248.66 267.23 342.22 11.81 5.60 350.64 352.41 9.26 15.03 343.56 283.96 273.25 289.78 357.15 32.43 31.73 336.62 328.72 43.22 29.42 12.70 22.52 138.05 144.89 136.60 113.70 329.61 318.98 318.67 316.31 312.87 321.21 353.25
354.23 34.26 55.39 64.66 69.68 34.48 306.03 336.22 46.41 24.04 290.60 275.64 269.67 261.58 255.81 270.00 10.46 27.62 33.86 15.76 348.80 17.14 23.36 340.40 288.58 255.40 242.62 236.05 193.59 128.20 157.97 206.14 233.29 243.53 240.80 240.90 261.22 314.89 349.99 348.57 351.55 16.32 24.70 7.20 330.64 307.12 301.13 322.71 30.81 39.15 12.42 352.01 23.54 35.63 73.45 113.58 133.91 138.59 78.47 340.49 325.15 325.71 326.69 319.55 296.17 216.48 181.73
13.50 48.20 59.90 60.17 55.62 22.25 313.74 340.09 60.24 67.96 218.59 223.69 227.75 236.74 242.08 249.80 285.54 19.25 33.07 26.62 338.64 351.75 23.82 9.01 343.94 340.30 323.42 267.81 164.85 126.75 134.04 209.63 237.12 236.18 230.89 232.09 238.63 244.95 256.04 282.44 315.00 94.77 72.15 23.58 311.75 287.58 275.00 259.38 99.68 62.87 31.08 38.08 109.34 134.54 126.06 116.62 86.00 354.28 347.39 337.69 327.08 323.72 311.41 220.28 171.24 172.20 178.48
35.59 56.19 58.04 56.90 55.20 33.93 322.90 8.91 91.20 112.42 158.79 209.57 235.65 247.59 249.46 248.57 248.11 287.13 23.01 25.10 352.88 337.93 17.95 15.55 355.36 0.38 13.01 135.68 143.63 143.34 148.44 215.91 244.23 242.42 241.86 244.01 241.45 228.44 204.50 185.94 176.56 174.15 174.60 181.67 202.74 214.69 213.15 199.94 176.69 165.89 165.36 122.10 118.39 130.15 117.71 46.84 352.58 342.42 346.27 344.62 336.40 181.22 167.53 168.99 157.41 162.86 180.03
55.08 64.21 63.80 65.57 66.50 63.19 121.72 149.19 123.07 123.93 148.18 217.78 241.43 240.02 234.94 237.14 241.01 259.02 326.14 8.20 3.19 351.66 8.41 16.99 35.44 120.26 154.08 156.25 145.89 148.42 171.71 249.71 254.58 249.07 249.83 250.89 240.46 207.62 177.65 172.67 174.39 178.60 183.23 190.38 202.58 206.22 203.32 190.80 180.07 185.74 199.34 141.03 86.90 64.33 4.54 349.09 348.29 348.69 357.32 13.20 67.39 113.29 132.35 155.13 148.05 150.04 175.63
83.13 89.25 90.91 87.26 82.44 83.28 107.38 136.35 110.24 86.88 94.08 233.69 251.17 247.58 247.89 257.72 268.53 279.73 300.38 343.20 0.48 0.51 9.61 34.09 83.79 113.88 136.47 153.16 153.00 184.93 313.82 319.88 293.99 266.31 254.82 242.87 213.81 180.24 160.54 161.85 171.67 182.10 193.98 204.91 211.37 207.42 197.06 181.88 183.18 203.67 221.32 206.81 69.05 16.49 343.52 338.75 351.51 21.58 76.00 122.40 138.91 128.98 124.53 140.33 138.85 126.18 149.45
89.75 91.04 86.24 74.43 66.80 65.05 69.17 87.98 105.63 89.69 87.91 259.56 267.86 263.23 259.36 260.95 260.22 255.80 252.84 270.02 323.51 356.37 36.03 88.20 113.61 116.31 119.24 135.00 218.84 300.56 312.85 328.07 324.43 275.02 235.57 211.41 188.96 173.14 159.00 160.14 173.38 186.86 201.74 211.35 214.10 204.78 184.65 173.64 192.53 217.98 217.25 209.88 210.89 297.96 314.56 326.12 19.79 89.61 113.64 138.02 151.88 151.20 145.26 144.92 141.11 87.87 44.76
67.60 63.89 57.04 51.78 57.85 65.60 76.00 97.44 134.30 147.94 129.24 217.16 240.25 220.39 227.44 230.70 227.51 229.40 239.42 252.63 266.90 275.31 107.72 116.41 123.76 125.13 124.09 137.25 282.30 272.55 236.25 204.32 186.82 182.71 189.53 189.23 183.36 176.08 165.59 168.40 181.08 188.53 199.52 207.58 208.01 196.90 178.05 173.23 203.38 216.81 211.71 216.19 222.31 233.31 251.75 258.71 103.83 103.08 110.27 126.20 141.19 145.89 134.89 46.31 25.92 346.23 3.85
65.17 65.75 65.28 69.66 80.20 84.16 81.51 76.96 82.30 111.08 133.76 200.78 220.36 215.44 233.77 242.18 246.00 250.44 254.07 254.42 237.15 161.75 134.17 128.07 126.36 125.26 130.76 201.85 229.31 203.12 189.30 185.61 180.07 177.59 183.00 187.11 186.83 182.78 175.70 189.53 247.22 297.72 302.22 261.08 227.60 209.06 198.43 216.37 240.73 221.72 221.78 230.61 237.24 246.53 253.08 237.11 125.56 107.07 103.17 102.32 86.28 4.06 342.64 357.71 5.75 346.60 351.55
77.73 71.75 63.02 59.90 64.10 63.92 55.95 48.48 52.01 61.26 80.29 202.25 255.75 273.32 278.63 276.46 267.23 242.97 226.81 219.27 193.62 158.02 141.42 137.75 137.99 134.06 111.59 315.30 240.97 177.84 182.23 187.12 184.68 207.09 261.62 315.25 323.74 332.13 336.77 334.99 337.35 343.42 351.75 356.32 350.54 343.45 338.44 345.53 2.10 353.72 281.52 251.04 252.61 260.85 262.86 232.45 126.17 111.26 101.39 73.47 359.34 346.65 340.44 347.29 359.85 354.04 353.93
101.34 83.34 72.86 71.76 71.74 67.34 62.54 61.95 66.86 73.22 78.42 326.55 299.82 302.14 284.46 254.97 213.26 193.81 200.49 198.23 180.91 164.68 147.97 140.94 145.61 308.85 337.49 354.74 15.06 27.78 5.39 343.34 356.71 317.25 278.72 300.31 323.16 333.25 336.28 335.38 336.23 341.52 353.80 2.90 356.61 348.95 346.66 354.85 13.39 7.83 356.21 324.00 269.24 262.21 260.09 224.50 109.44 95.91 72.72 9.70 336.56 343.63 345.10 342.01 350.44 354.69 359.79
142.20 136.42 143.66 141.40 131.96 127.30 132.29 141.22 136.09 117.76 110.45 261.06 273.28 256.56 213.14 191.18 180.04 180.90 191.98 188.62 178.62 172.64 157.50 140.68 320.23 317.48 328.53 358.97 26.50 31.97 4.58 347.06 11.27 29.12 248.41 239.18 247.46 267.48 293.57 313.00 323.35 332.87 350.24 2.03 355.18 347.19 350.03 6.98 23.60 9.52 7.74 13.85 301.38 268.78 264.88 293.53 38.08 40.66 26.83 352.57 329.69 336.06 344.21 341.67 346.93 2.05 33.41
148.45 147.68 158.94 164.35 157.25 143.44 141.02 153.28 162.32 144.51 134.00 225.00 224.55 197.08 182.51 181.06 184.77 192.52 210.93 198.03 184.07 185.60 358.72 339.09 327.57 322.31 327.91 7.20 34.66 32.75 6.02 349.59 26.90 49.65 26.46 272.81 253.32 249.34 253.79 263.97 276.04 287.75 314.03 348.27 342.45 331.01 339.54 18.47 31.77 15.25 18.57 36.03 343.91 278.29 265.35 278.93 351.82 24.89 17.88 351.60 335.83 333.08 336.09 339.65 357.34 45.14 82.87
143.71 139.52 152.27 166.19 168.11 157.24 147.19 154.10 311.67 19.63 36.27 28.80 204.79 193.40 210.48 289.43 325.93 345.86 353.56 351.13 352.89 354.39 352.17 342.77 332.63 333.04 345.95 15.52 31.60 28.30 10.73 3.92 41.64 51.99 21.54 336.41 312.29 287.61 262.53 247.75 237.77 227.24 214.02 205.94 213.98 224.68 222.31 179.36 34.52 22.06 37.97 53.42 4.05 305.89 284.89 270.53 286.42 18.67 20.22 353.71 333.50 309.95 286.32 266.65 118.30 87.47 80.78
141.31 132.08 138.32 156.17 171.53 168.36 18.35 334.51 337.22 10.51 42.78 54.41 15.66 315.52 294.87 258.51 226.76 221.10 253.61 302.13 328.92 344.49 350.01 342.62 328.23 331.14 359.63 24.32 29.63 26.31 16.26 16.48 34.86 30.52 7.80 350.42 334.54 324.72 302.05 260.43 238.50 228.11 218.17 210.82 212.57 217.58 218.66 217.92 240.25 28.49 60.17 60.43 0.69 315.31 309.60 284.54 270.70 287.31 76.28 128.41 176.83 192.27 191.20 185.36 181.89 166.22 115.98
147.93 138.21 135.91 146.26 302.85 330.33 339.74 342.55 348.64 49.38 81.39 80.98 349.52 324.78 339.80 342.74 266.92 198.32 208.49 214.63 212.98 203.62 196.38 203.84 219.87 220.84 193.70 95.88 30.65 26.37 20.62 19.20 23.28 15.53 1.62 354.64 344.09 339.27 344.20 306.35 264.61 267.41 282.59 297.83 272.19 243.76 233.69 232.13 242.25 255.05 65.34 52.71 7.29 315.47 297.77 281.33 239.15 187.63 152.03 148.18 167.51 183.69 177.07 175.67 188.91 190.86 175.40
153.84 145.07 139.78 316.07 318.86 323.64 334.47 359.22 53.74 97.44 99.02 77.21 332.76 306.29 328.26 353.40 5.54 20.77 29.11 210.27 202.04 191.74 187.97 192.23 202.15 206.20 202.71 208.08 226.22 32.41 34.44 22.60 11.81 4.95 355.32 350.27 346.66 347.36 1.86 359.79 315.56 283.42 286.15 317.12 341.72 334.22 309.27 267.46 254.87 262.30 26.49 31.91 21.27 0.40 281.57 203.62 179.45 174.26 158.60 149.50 165.19 182.92 167.27 167.29 192.22 195.20 192.13
156.93 137.76 323.84 315.45 315.99 319.81 341.35 50.95 85.42 93.73 84.53 8.36 352.51 314.02 290.89 316.64 351.07 17.45 25.85 17.36 353.49 359.49 170.77 192.34 211.53 216.35 215.84 221.17 216.45 184.90 166.16 203.49 319.79 343.28 343.79 339.40 340.43 346.85 357.88 2.19 351.02 304.14 270.26 271.92 311.30 338.56 348.91 345.01 300.72 277.02 312.87 40.06 59.23 77.99 152.68 159.76 164.57 168.52 161.78 153.44 164.26 181.64 162.52 160.70 187.75 189.79 191.02
340.55 340.47 331.18 320.62 316.70 322.94 10.29 68.41 81.49 85.19 57.67 331.49 359.98 4.03 299.79 289.54 313.49 355.76 16.66 15.53 10.45 21.33 37.40 34.12 235.29 220.36 217.57 218.67 207.41 190.35 200.07 252.36 292.18 316.45 324.34 319.25 318.20 325.69 336.61 349.97 357.51 344.04 297.86 267.17 262.62 279.99 321.15 352.81 339.82 300.55 272.06 123.97 125.87 134.39 144.89 148.25 155.34 161.66 158.28 150.75 158.25 175.05 163.07 157.71 178.81 182.09 183.86
330.82 335.19 332.64 326.37 318.72 325.07 62.30 87.75 91.30 86.94 23.33 308.21 348.37 17.32 352.74 298.66 296.22 322.08 352.39 15.64 33.92 56.00 45.81 14.33 15.06 14.71 218.83 221.36 216.28 223.01 260.03 278.21 277.43 270.63 261.33 230.48 220.33 240.77 270.04 301.92 332.93 342.10 332.08 307.29 278.61 253.37 232.67 206.41 217.83 243.62 184.76 114.80 115.77 123.07 125.48 123.61 111.75 45.96 45.52 62.60 87.54 132.97 154.07 154.98 342.09 4.89 14.01
269.45 276.25 289.17 296.83 293.65 307.32 77.82 76.53 67.93 60.09 11.50 289.84 312.18 9.18 16.21 344.06 295.61 300.13 325.67 25.27 61.91 64.63 26.69 353.52 23.11 46.97 67.56 232.17 234.42 241.67 240.98 222.93 207.39 200.36 189.89 183.78 202.11 233.70 240.81 219.46 222.79 250.40 282.25 287.24 243.91 212.59 195.01 185.68 190.60 203.33 198.65 121.30 93.82 85.41 67.71 43.95 352.27 352.54 15.11 36.11 56.22 61.90 11.80 329.91 334.63 354.45 3.96
257.27 249.01 241.02 231.54 228.53 229.34 59.70 49.82 42.42 44.65 33.61 279.22 252.40 274.78 13.28 13.34 329.16 289.14 300.35 10.80 41.44 45.17 17.55 339.18 31.07 54.97 51.13 307.83 225.07 214.44 205.91 197.70 194.67 190.16 185.78 194.29 224.13 238.79 212.20 186.66 206.38 223.98 218.41 194.58 179.63 181.01 180.10 180.69 187.64 204.69 213.92 179.68 102.47 69.01 38.07 19.83 331.97 336.36 33.02 68.49 79.05 56.66 346.91 324.85 321.34 343.45 0.84
323.54 311.22 301.14 287.94 271.30 263.16 312.09 37.39 38.71 42.66 35.01 7.92 248.47 230.91 253.75 0.02 4.90 326.50 290.63 326.34 24.92 41.18 24.17 343.95 26.94 52.92 46.84 35.59 21.59 205.13 201.17 198.34 195.53 191.52 201.20 226.09 232.85 220.28 188.63 178.65 214.73 228.52 209.00 179.10 167.22 173.26 179.31 184.80 197.71 222.10 232.68 227.15 65.97 25.06 16.48 12.39 323.10 327.45 85.99 97.35 88.88 9.52 339.86 329.20 315.05 332.49 355.20
