hydro/data/static_data/land/marche.slope.txt
ncols	643
nrows	534
xllcorner	12.041800
yllcorner	42.520600
cellsize	0.003003
NODATA_value	-9999.000000
[rows 434 to 464 of 534, columns 414 to 482 of 643]
40.83 36.59 28.40 19.66 11.57 8.20 11.22 12.45 14.83 16.33 15.91 12.92 9.05 4.81 8.46 14.22 16.57 15.11 16.95 19.53 19.82 17.30 10.23 2.81 17.41 25.54 25.49 22.27 20.16 7.86 15.27 12.55 14.02 10.11 4.16 16.73 17.52 12.64 7.21 9.79 7.38 8.31 14.04 15.49 8.20 3.84 4.49 3.96 4.90 9.05 9.15 5.56 7.78 9.33 11.23 12.79 11.64 9.54 6.73 5.84 7.84 9.57 9.15 7.06 13.07 8.62 6.23 5.95 5.37
31.23 25.37 19.22 16.31 14.94 12.68 12.37 11.18 12.29 14.01 12.38 10.51 11.45 8.54 12.11 14.62 15.92 16.27 13.47 12.98 11.18 2.67 8.28 14.85 22.14 26.07 20.99 18.47 17.41 9.21 13.89 12.32 8.55 11.81 5.29 15.33 15.37 14.60 9.00 6.99 9.62 8.52 8.48 15.22 14.69 5.00 3.34 3.82 5.71 6.65 7.07 11.60 14.16 13.86 11.53 7.91 3.16 7.84 7.58 6.74 7.80 8.65 9.25 6.95 12.61 8.15 5.96 8.27 8.52
20.48 16.90 14.10 14.69 16.01 16.69 15.70 8.80 3.95 15.82 18.47 15.52 15.21 10.86 14.07 17.63 17.88 15.83 13.21 9.60 1.19 13.47 20.25 22.68 24.81 25.44 17.42 10.71 10.40 7.23 12.55 11.94 9.94 10.50 8.06 16.47 12.86 9.89 10.38 7.75 2.98 7.01 7.67 11.46 16.22 11.09 2.28 5.29 8.61 9.81 12.29 12.32 9.26 8.24 9.25 12.92 14.35 5.02 7.12 7.67 8.03 7.82 7.90 8.43 11.26 8.03 6.09 8.96 9.89
15.65 13.53 11.19 11.83 13.09 14.52 13.73 10.33 8.85 8.42 15.51 15.06 16.47 13.27 13.02 17.58 16.90 17.01 15.54 10.85 7.42 17.29 18.68 17.77 19.39 15.93 7.44 11.04 13.96 7.94 6.99 11.07 15.32 13.30 9.57 9.69 8.29 10.56 12.41 15.03 14.96 10.29 5.93 7.55 13.68 11.68 7.27 2.19 5.47 2.91 3.07 6.08 11.64 13.03 10.19 5.04 12.46 13.22 4.85 6.43 7.31 7.57 7.43 10.54 11.82 10.34 10.02 9.22 5.62
15.98 13.27 10.04 9.80 11.75 11.90 9.26 13.60 13.21 1.98 7.09 11.47 15.77 15.67 14.90 17.76 16.57 14.34 10.40 3.33 6.65 14.67 22.77 23.11 16.40 14.23 19.60 21.31 22.46 19.07 11.06 1.58 12.64 18.35 17.74 10.84 1.94 8.60 11.55 10.71 15.40 15.03 8.28 3.94 13.61 13.76 10.27 6.65 6.50 9.63 13.56 17.28 17.16 14.47 11.89 11.63 9.73 14.09 8.07 6.16 8.26 10.31 11.11 12.32 12.09 9.75 5.06 3.01 7.77
13.78 12.46 9.92 9.27 10.66 9.25 8.63 14.52 12.09 7.37 4.24 1.78 9.87 13.47 16.51 17.97 13.41 6.84 10.71 17.50 19.01 13.08 12.30 20.24 20.52 19.97 19.88 19.29 23.35 23.13 18.98 12.11 6.38 4.83 12.44 16.50 17.32 9.42 4.83 8.68 14.37 14.67 11.26 3.59 10.50 17.93 19.65 19.04 12.50 10.64 12.12 11.02 12.50 12.22 11.14 12.80 12.39 13.11 10.09 4.24 3.28 3.64 3.15 1.19 3.10 8.17 12.71 15.07 11.96
14.33 12.33 8.89 7.30 7.18 7.10 11.67 13.89 8.62 7.79 9.72 8.68 4.30 2.14 10.93 10.77 0.66 14.65 22.64 25.13 23.54 22.32 19.51 11.98 3.90 10.85 12.70 15.86 21.93 23.07 18.62 14.66 16.00 14.85 8.60 6.53 17.38 20.89 18.35 14.35 12.12 11.87 9.99 8.18 4.82 12.05 17.64 20.78 20.33 18.01 15.25 6.81 7.48 9.43 8.89 10.77 10.20 8.63 5.68 2.28 8.76 13.85 18.18 18.21 16.46 18.88 20.06 16.33 12.30
13.11 14.58 12.91 8.63 5.61 7.84 13.42 14.12 6.39 6.78 9.82 11.30 9.30 7.71 11.21 4.18 11.51 20.02 20.82 22.70 21.92 22.88 24.04 21.06 14.97 9.17 3.71 6.70 16.85 21.51 17.75 14.97 15.71 17.92 18.35 12.48 4.41 12.23 15.96 17.82 17.26 12.79 6.91 6.35 7.88 5.35 8.70 13.15 17.88 19.07 16.62 13.40 11.47 10.08 1.88 6.39 9.89 11.99 13.26 14.46 14.92 17.92 19.28 18.89 14.81 15.78 13.72 11.39 14.20
10.52 14.12 15.84 11.50 6.02 9.15 13.92 14.86 7.71 6.79 6.14 6.77 8.74 10.22 10.57 1.95 11.23 18.09 15.37 12.20 11.15 14.48 17.91 21.39 24.72 23.48 19.91 13.45 12.83 14.30 10.31 15.81 19.41 21.18 23.89 20.78 17.96 16.92 13.43 9.18 4.27 5.89 11.97 14.93 13.96 14.31 6.24 1.24 2.15 2.12 1.24 0.74 4.03 3.80 5.88 14.30 16.50 18.38 19.93 20.08 16.66 16.14 12.65 13.78 15.17 13.27 5.48 10.48 14.77
12.51 15.37 17.06 12.93 5.47 8.96 12.03 13.97 11.99 7.07 6.95 9.43 8.66 7.36 10.55 11.07 7.15 12.46 19.14 22.07 18.18 8.96 6.39 10.83 20.84 25.04 24.23 20.12 16.63 15.61 8.81 2.85 8.09 17.05 24.50 24.80 23.40 20.72 18.85 18.89 16.90 14.57 7.78 5.99 17.63 15.89 1.69 8.85 10.90 11.77 12.49 13.35 14.34 12.81 7.47 11.75 10.84 5.47 12.06 15.01 14.79 14.27 12.63 10.65 8.76 3.22 11.22 14.07 10.19
12.65 18.73 18.49 11.58 3.40 8.67 5.62 11.28 12.94 10.23 11.35 7.11 7.39 14.89 19.73 22.54 20.79 11.12 5.72 17.52 19.66 13.69 11.06 9.24 7.89 17.44 21.78 21.92 20.14 19.52 18.38 18.32 12.40 3.78 12.70 16.97 13.27 10.95 11.14 11.77 9.51 7.69 17.81 22.58 19.51 7.17 6.75 7.84 8.36 10.91 11.56 11.96 13.68 14.73 9.17 8.56 10.84 7.76 9.74 9.43 11.37 10.76 9.05 6.36 12.08 11.84 7.95 6.22 10.63
8.44 15.13 14.35 5.77 9.96 4.46 7.16 8.76 12.25 12.81 12.23 6.17 13.14 18.42 20.63 19.62 17.96 15.18 5.81 14.43 16.02 12.51 13.66 15.59 11.01 5.76 16.24 22.97 22.92 18.65 15.75 17.40 17.95 14.41 2.97 9.68 12.01 12.00 12.31 11.49 14.86 22.58 22.32 11.74 2.27 4.79 6.53 7.02 7.27 8.49 10.12 11.53 12.04 14.61 12.94 7.10 11.85 10.59 11.75 12.62 11.29 12.00 7.15 12.50 12.84 6.69 16.13 21.26 20.79
12.92 15.54 12.58 6.01 12.33 7.97 12.54 12.72 15.01 14.17 16.23 15.87 20.56 20.07 16.07 12.40 13.75 12.91 7.81 14.90 10.30 6.55 11.38 17.03 19.17 14.08 4.80 6.46 13.37 14.45 15.67 15.86 15.84 17.90 14.68 8.99 17.25 21.12 20.21 19.02 21.62 21.84 9.63 6.51 11.96 11.45 6.91 5.70 9.16 8.68 8.88 10.84 11.79 14.80 14.60 3.50 10.05 10.95 11.46 13.63 7.95 8.57 7.80 15.21 12.69 17.75 20.14 16.55 11.06
13.64 15.39 11.00 9.33 13.69 15.15 15.64 19.11 24.01 25.35 25.99 26.01 25.61 16.79 11.10 13.22 13.05 10.70 15.38 19.80 17.69 16.66 14.75 9.80 10.17 14.50 18.14 18.49 13.21 4.14 9.70 14.83 15.11 15.06 15.73 15.36 22.82 21.52 13.27 11.36 16.02 10.87 4.78 13.44 13.26 13.67 13.92 8.78 8.37 10.88 9.28 9.06 7.61 14.38 13.58 10.15 8.97 7.63 13.63 16.30 11.91 4.19 5.99 14.41 13.38 14.32 6.30 6.82 7.74
6.80 7.76 5.98 7.68 14.65 15.58 12.02 12.15 19.00 24.19 25.98 24.06 18.75 11.83 14.16 10.92 15.44 19.36 16.09 11.72 12.30 17.90 22.87 23.67 19.45 10.50 1.51 11.95 18.85 16.73 8.61 9.54 16.43 12.93 9.95 9.96 17.88 15.28 8.42 11.51 14.65 3.39 14.12 15.85 13.01 11.59 14.11 14.55 9.17 10.04 10.31 8.95 5.18 15.33 11.74 15.03 18.09 15.79 8.15 8.44 13.89 12.32 8.00 15.67 14.93 8.09 4.87 7.63 11.22
8.27 10.47 9.00 4.28 1.43 3.76 9.73 11.84 7.60 2.75 10.93 13.36 12.62 17.86 17.69 20.82 22.94 19.89 13.19 4.71 10.50 11.23 7.64 8.22 15.25 20.78 21.60 12.50 8.83 17.52 16.65 5.52 16.73 13.99 11.04 8.82 12.91 13.41 10.46 14.14 10.61 5.88 14.21 12.57 10.55 9.94 13.28 16.35 13.97 7.67 9.55 11.11 5.54 15.22 10.97 12.60 14.30 19.16 21.53 16.28 10.53 17.81 12.78 11.50 13.11 11.99 13.01 13.30 9.72
17.84 14.13 2.77 10.34 18.12 21.80 21.79 20.41 19.45 15.40 11.32 7.51 1.72 16.11 23.64 24.38 21.54 20.01 19.46 17.87 14.40 10.97 6.78 7.74 6.87 6.00 16.75 22.37 14.61 15.25 18.53 6.82 14.46 13.46 17.03 19.82 18.53 16.98 15.34 12.08 1.31 9.46 9.86 10.68 11.95 9.89 10.72 13.95 16.56 14.45 8.82 11.16 7.08 11.97 10.95 8.81 10.47 12.53 17.45 20.79 13.33 18.36 14.67 5.74 8.93 12.08 11.26 9.29 11.25
11.12 2.42 14.75 20.32 22.26 22.48 19.21 16.29 16.67 16.19 19.66 20.53 16.59 6.53 8.59 12.14 16.34 22.14 26.73 29.20 28.74 27.07 24.29 19.76 13.53 10.37 10.71 19.59 23.18 20.04 17.31 10.12 12.82 16.35 18.97 20.16 19.70 16.63 12.88 4.09 9.81 15.47 12.11 5.39 10.99 15.60 12.16 4.90 5.09 13.74 14.46 10.24 10.03 8.43 12.44 11.58 12.35 14.58 13.66 17.96 15.90 16.86 14.33 6.17 6.95 5.88 10.34 13.76 12.51
4.73 16.04 18.02 15.46 14.90 13.54 11.28 14.17 12.45 14.71 16.49 18.18 22.87 21.94 14.52 8.94 5.27 0.49 6.46 11.58 14.29 15.66 15.58 15.54 14.97 13.07 10.78 10.20 14.03 13.63 11.85 8.10 5.39 4.08 2.87 7.83 12.19 15.29 15.24 7.66 13.40 16.04 13.97 15.81 10.82 6.64 9.64 11.83 12.17 6.88 10.04 13.35 12.34 8.97 12.08 16.97 17.39 17.35 12.95 14.29 14.91 15.96 11.61 5.23 4.62 7.42 9.91 10.79 14.49
13.66 17.14 14.00 10.19 9.99 6.66 6.34 11.42 8.25 14.31 14.44 15.60 20.73 23.36 20.62 18.17 19.22 21.30 20.71 19.59 18.95 16.24 13.94 14.79 15.67 14.82 14.13 14.51 15.05 12.42 9.62 6.96 12.52 20.50 24.43 26.90 27.93 26.61 24.83 14.31 9.26 16.96 11.27 11.01 17.64 19.13 16.41 9.66 6.13 14.23 8.17 6.24 8.80 8.78 10.86 14.15 14.98 14.85 9.55 10.41 13.49 13.18 3.79 4.33 7.07 13.30 12.90 10.35 10.67
15.96 15.69 11.84 9.20 8.40 4.60 6.03 8.20 10.06 13.28 12.65 14.30 19.49 24.09 22.18 16.32 17.62 19.83 22.58 24.77 27.69 28.84 26.89 25.46 26.73 29.22 30.06 28.22 22.61 16.58 11.94 13.67 22.69 26.95 26.15 23.75 16.77 13.48 20.16 17.01 6.20 14.04 15.91 9.53 6.32 12.14 17.19 18.45 12.17 6.26 12.80 11.68 8.16 3.31 6.29 10.45 11.57 9.71 4.83 4.73 8.69 7.60 9.13 7.57 11.07 15.99 14.70 12.20 11.79
18.34 15.41 11.86 8.60 7.64 6.23 8.04 10.26 11.38 11.34 9.26 12.05 17.39 23.55 25.35 17.82 18.08 18.01 20.45 22.23 25.30 29.51 28.98 24.84 21.78 20.95 20.35 16.77 13.81 16.77 7.14 17.19 23.90 23.84 18.44 13.79 10.95 13.90 15.62 13.92 8.97 9.20 15.07 10.27 9.69 9.06 3.66 8.10 15.50 14.90 9.41 5.76 8.64 7.98 7.36 10.00 10.10 1.15 5.80 4.55 5.11 3.88 10.01 10.39 11.01 11.71 11.47 10.43 9.68
19.43 16.49 12.32 8.47 6.56 5.73 6.93 9.34 9.84 9.25 8.44 12.01 14.56 19.48 25.61 20.36 18.40 17.76 20.60 24.23 24.70 23.10 19.33 10.88 2.48 7.37 13.00 14.57 13.71 13.71 6.68 19.76 19.80 16.71 9.98 10.78 14.19 14.68 13.65 12.45 10.53 5.15 13.63 9.93 10.19 13.11 14.26 8.87 2.93 11.44 15.26 14.39 12.07 10.04 9.08 10.22 6.95 5.81 9.45 7.85 10.32 6.65 7.03 6.83 9.65 12.31 14.68 13.13 9.68
15.11 12.39 10.95 8.90 7.10 6.31 6.99 9.05 10.39 11.14 12.76 13.89 13.87 17.83 25.21 23.17 19.13 18.38 19.60 22.90 20.15 19.92 19.23 13.76 11.89 13.85 12.12 5.94 9.18 11.22 10.30 19.77 17.82 14.26 9.11 12.47 16.69 15.58 16.16 17.91 16.70 1.94 11.44 9.60 6.57 6.27 11.10 15.90 15.45 11.90 6.88 2.90 7.57 10.01 9.99 5.11 5.23 8.02 9.27 6.59 9.89 6.52 8.07 5.05 6.28 4.47 5.46 10.03 9.27
9.36 8.08 7.39 7.50 7.51 7.46 8.21 9.91 11.70 14.07 15.55 13.47 11.91 14.67 22.52 24.27 19.32 17.23 17.39 18.78 14.87 23.30 24.55 17.11 13.87 9.69 14.74 21.28 21.89 17.20 14.36 19.45 15.76 11.34 7.58 10.02 18.33 18.91 18.31 19.62 20.58 7.29 11.26 13.57 14.78 15.18 11.49 3.58 7.98 10.09 9.03 8.07 7.51 7.37 5.31 3.12 8.00 10.22 13.05 9.03 10.93 6.67 8.44 5.93 7.21 6.35 2.41 9.30 12.43
8.02 9.34 7.21 3.49 3.69 6.55 8.52 10.01 11.30 13.52 14.92 13.41 12.37 13.07 17.72 22.52 19.54 17.43 17.70 17.48 15.10 26.08 29.53 19.83 15.04 19.08 21.82 14.48 17.04 10.93 13.98 18.48 15.57 12.11 8.41 4.87 11.29 12.62 14.71 18.23 18.21 5.47 11.95 14.19 14.51 13.89 19.62 19.84 14.49 13.95 14.70 12.81 7.92 3.45 9.82 9.54 9.50 11.36 13.55 10.98 12.05 10.40 9.34 8.45 9.09 8.15 6.69 11.61 18.18
14.77 14.31 13.19 11.04 8.59 8.01 8.53 9.41 10.49 11.47 12.12 11.15 12.26 13.60 15.45 20.67 20.04 17.22 16.57 15.78 15.87 27.46 35.06 31.20 27.88 22.20 10.30 10.39 14.24 9.03 17.70 17.55 13.99 9.56 2.60 8.88 16.85 22.47 23.46 16.90 10.96 5.76 16.92 15.81 13.27 12.19 12.30 19.57 21.59 19.98 17.08 11.89 6.27 7.89 11.60 14.57 14.03 14.25 11.61 12.80 13.15 13.28 10.07 10.32 11.45 11.42 12.38 18.55 19.66
16.87 18.25 17.72 15.47 12.88 11.78 10.73 7.87 5.40 6.88 11.01 10.94 7.17 5.89 5.51 11.13 16.94 15.24 14.00 13.19 12.51 21.30 30.58 29.93 27.56 22.42 17.45 16.06 18.52 20.17 21.53 15.55 2.93 10.31 16.80 18.96 21.96 21.99 10.99 6.50 11.94 12.62 22.46 20.66 18.36 15.92 13.54 14.34 19.32 17.41 8.20 6.21 14.93 17.90 15.90 16.09 16.60 14.85 10.69 12.76 16.72 17.08 14.48 16.26 17.37 15.81 15.79 15.96 7.08
3.30 8.81 15.19 19.28 19.39 19.48 20.48 19.76 20.83 22.35 22.32 20.74 18.18 15.80 13.70 6.90 3.11 8.54 11.16 9.67 3.94 14.21 19.59 11.35 10.71 17.51 19.02 20.16 21.89 18.93 11.64 2.42 13.98 19.89 22.21 21.54 18.08 6.16 15.03 21.17 20.74 13.11 21.60 17.60 16.90 17.97 16.12 11.83 7.03 7.94 13.51 19.31 19.94 15.00 6.16 1.13 3.62 4.81 4.43 0.71 5.41 5.82 4.51 8.36 11.41 7.24 1.54 5.23 12.46
16.73 11.15 6.36 8.96 13.67 18.12 22.82 24.76 22.98 18.45 16.42 14.78 13.40 13.17 13.79 13.84 9.07 5.65 7.55 5.01 11.18 23.24 26.44 22.94 21.65 19.50 15.13 10.59 8.31 7.92 11.68 19.83 22.49 18.21 10.35 5.19 4.59 19.43 26.48 22.27 22.60 12.25 17.23 16.14 10.39 11.30 10.74 4.89 8.90 18.33 22.02 18.91 10.34 1.21 9.59 14.98 17.04 17.44 15.51 14.10 11.71 14.32 17.39 16.63 12.82 11.57 17.59 19.90 18.64
19.56 17.36 15.08 11.57 7.71 5.24 5.19 4.51 5.53 9.62 12.89 12.95 11.52 10.08 9.37 10.82 11.66 9.72 7.87 2.81 17.38 24.65 22.32 14.21 12.28 15.47 16.77 17.99 20.68 22.17 21.63 19.87 13.32 1.41 14.84 21.49 23.91 28.62 25.58 19.10 22.25 14.97 15.61 15.96 13.04 9.53 2.80 11.53 16.64 19.77 18.22 7.07 6.48 11.86 11.86 11.77 12.14 15.66 16.71 18.90 18.34 16.89 18.28 20.89 18.42 15.26 20.81 19.69 15.52
