hydro/data/static_data/land/marche.slope.txt
ncols	643
nrows	534
xllcorner	12.041800
yllcorner	42.520600
cellsize	0.003003
NODATA_value	-9999.000000
[rows 124 to 154 of 534, columns 0 to 68 of 643]
-9999.00 -9999.00 -9999.00 -9999.00 -9999.00 -9999.00 -9999.00 -9999.00 -9999.00 -9999.00 -9999.00 -9999.00 -9999.00 -9999.00 -9999.00 -9999.00 -9999.00 -9999.00 -9999.00 -9999.00 -9999.00 -9999.00 6.77 6.15 5.86 3.29 1.61 3.28 1.86 1.12 2.41 2.37 2.98 1.59 4.69 6.60 6.37 7.42 8.73 8.33 9.07 11.59 7.40 9.81 16.61 17.41 16.53 15.20 12.85 12.03 10.71 3.30 12.31 10.29 9.95 10.58 7.71 3.77 10.52 15.42 14.36 7.65 3.57 3.69 2.67 5.54 7.84 7.15 7.94
-9999.00 -9999.00 -9999.00 -9999.00 -9999.00 -9999.00 -9999.00 -9999.00 -9999.00 -9999.00 -9999.00 -9999.00 -9999.00 -9999.00 -9999.00 -9999.00 -9999.00 -9999.00 -9999.00 -9999.00 8.60 8.57 7.25 6.02 5.67 4.17 2.30 4.42 5.30 6.56 6.83 6.71 7.39 5.83 3.53 5.71 7.32 8.03 8.74 9.15 10.92 13.99 12.65 6.99 10.06 13.24 15.23 16.84 16.49 15.58 15.91 4.65 10.28 11.62 11.65 13.27 14.52 11.47 2.73 7.40 12.71 11.87 8.35 4.04 2.17 3.10 4.97 5.32 5.44
-9999.00 -9999.00 -9999.00 -9999.00 -9999.00 -9999.00 -9999.00 -9999.00 -9999.00 -9999.00 -9999.00 -9999.00 -9999.00 -9999.00 -9999.00 -9999.00 -9999.00 -9999.00 -9999.00 7.06 7.48 7.00 6.43 7.38 5.26 3.00 3.69 5.05 5.80 6.36 6.49 7.04 8.28 8.90 7.23 2.82 6.17 11.22 10.97 8.60 8.44 14.31 16.49 12.82 9.65 8.51 7.45 10.73 13.47 13.94 16.59 10.72 4.40 10.86 9.53 8.31 10.33 10.32 5.64 1.97 9.38 13.71 13.12 8.53 6.00 7.61 7.04 6.39 7.75
-9999.00 -9999.00 -9999.00 -9999.00 -9999.00 -9999.00 -9999.00 -9999.00 -9999.00 -9999.00 -9999.00 -9999.00 -9999.00 -9999.00 -9999.00 -9999.00 5.86 2.10 3.46 4.78 5.62 6.40 7.76 7.81 5.12 5.11 3.35 3.00 5.01 5.05 4.99 6.85 9.62 12.01 10.81 7.57 1.85 11.81 13.72 12.56 8.82 8.82 14.06 14.51 14.76 13.78 8.08 2.68 10.72 14.10 14.77 12.91 2.16 11.51 10.93 10.18 11.67 10.13 7.04 6.13 7.56 9.34 11.02 8.94 9.48 13.92 14.50 13.77 12.52
-9999.00 -9999.00 -9999.00 -9999.00 -9999.00 -9999.00 -9999.00 -9999.00 -9999.00 -9999.00 -9999.00 -9999.00 -9999.00 -9999.00 -9999.00 5.24 5.31 4.03 1.22 2.26 5.30 8.48 10.13 10.36 8.81 5.97 3.89 1.86 5.59 6.00 5.73 7.72 9.62 12.10 13.14 12.87 5.15 9.06 13.10 14.64 13.99 6.47 9.49 12.06 14.19 12.84 11.28 7.15 10.08 14.76 15.53 11.50 5.21 14.32 11.25 10.05 10.68 9.25 7.70 7.46 5.82 6.96 10.14 9.37 10.99 12.54 11.15 12.57 11.15
-9999.00 -9999.00 -9999.00 -9999.00 -9999.00 -9999.00 -9999.00 -9999.00 -9999.00 -9999.00 -9999.00 -9999.00 -9999.00 8.93 7.47 7.20 7.91 7.10 6.08 4.64 0.91 6.97 12.05 11.69 9.10 7.85 6.23 0.79 5.33 6.65 8.04 10.13 11.51 10.68 15.99 17.83 14.79 15.02 17.97 19.69 17.06 7.98 7.39 9.17 10.32 10.03 12.19 11.36 10.63 15.96 16.50 5.23 12.81 16.24 12.39 11.08 10.00 8.19 6.70 5.49 2.60 4.88 9.19 10.41 9.51 8.43 5.89 6.25 6.28
-9999.00 -9999.00 -9999.00 -9999.00 -9999.00 -9999.00 -9999.00 -9999.00 -9999.00 -9999.00 -9999.00 -9999.00 -9999.00 -9999.00 18.56 17.27 15.30 13.78 12.96 11.11 9.04 5.05 7.33 11.11 10.23 9.60 8.39 6.02 8.05 9.80 11.62 12.73 13.24 10.23 14.69 20.65 20.87 20.92 24.21 23.79 17.23 11.85 12.11 11.53 9.21 8.78 12.27 15.67 16.68 18.22 12.09 5.31 17.35 15.44 9.73 6.47 5.44 5.31 5.55 5.25 3.92 1.02 4.65 7.09 6.91 7.30 7.35 5.99 4.12
-9999.00 -9999.00 -9999.00 -9999.00 -9999.00 -9999.00 -9999.00 -9999.00 -9999.00 -9999.00 -9999.00 -9999.00 -9999.00 -9999.00 -9999.00 -9999.00 15.92 14.68 12.72 10.92 11.78 11.02 3.40 11.17 12.79 10.55 10.14 10.53 10.96 12.14 13.02 12.25 10.87 8.39 7.30 14.66 19.69 21.99 22.02 15.26 7.70 6.34 7.81 8.67 8.46 8.23 9.70 12.70 14.08 11.55 0.43 13.15 15.00 9.54 4.62 3.97 4.96 5.75 5.65 4.98 4.25 3.17 3.00 1.26 2.16 4.80 5.72 3.96 3.28
-9999.00 -9999.00 -9999.00 -9999.00 -9999.00 -9999.00 -9999.00 -9999.00 -9999.00 -9999.00 -9999.00 -9999.00 -9999.00 -9999.00 -9999.00 -9999.00 6.16 4.89 7.55 10.02 11.35 12.94 8.12 6.52 13.96 11.10 9.39 10.16 9.70 10.45 10.73 9.53 8.47 7.27 5.37 6.63 10.85 10.75 5.23 5.03 7.85 8.18 7.62 5.77 3.89 3.89 5.27 5.39 5.18 2.18 8.54 12.03 8.55 7.18 6.72 5.75 5.59 6.56 6.57 6.05 4.83 6.70 8.31 8.08 7.18 6.59 6.68 4.41 2.18
-9999.00 -9999.00 -9999.00 -9999.00 -9999.00 -9999.00 -9999.00 -9999.00 -9999.00 -9999.00 -9999.00 -9999.00 -9999.00 -9999.00 -9999.00 -9999.00 14.33 12.00 8.42 8.21 9.66 11.69 12.03 4.06 12.24 12.42 9.35 9.85 10.46 10.86 11.21 11.59 11.15 9.45 6.94 4.71 3.09 11.25 15.65 14.78 12.41 11.39 11.07 11.17 12.07 13.41 14.27 13.52 12.33 4.86 8.50 8.39 5.71 5.89 6.14 5.97 5.94 6.82 7.24 7.01 7.15 8.64 8.01 7.49 7.20 7.35 7.45 4.24 3.03
-9999.00 -9999.00 -9999.00 -9999.00 -9999.00 -9999.00 -9999.00 -9999.00 -9999.00 -9999.00 -9999.00 -9999.00 -9999.00 -9999.00 -9999.00 -9999.00 13.21 13.87 14.39 13.07 11.57 11.55 13.06 8.88 9.48 13.85 12.03 11.69 13.87 15.30 13.85 10.54 5.46 2.38 3.82 7.93 14.43 18.43 15.87 13.34 10.03 8.53 8.74 8.84 9.53 9.44 7.25 8.79 12.15 5.85 5.81 7.26 4.18 4.15 5.28 5.82 6.01 6.48 6.48 5.56 8.48 8.69 6.83 6.52 7.53 8.89 7.93 4.90 6.67
-9999.00 -9999.00 -9999.00 -9999.00 -9999.00 -9999.00 -9999.00 -9999.00 -9999.00 -9999.00 -9999.00 -9999.00 -9999.00 -9999.00 -9999.00 -9999.00 8.97 8.21 10.37 13.48 13.96 12.41 9.93 6.71 2.44 9.14 12.55 12.65 12.27 8.63 1.72 6.43 12.13 14.45 15.32 15.89 15.72 13.54 9.27 10.75 9.34 8.84 9.28 8.82 8.07 6.22 5.75 8.42 11.02 8.33 1.68 7.52 7.01 5.68 5.14 5.33 5.92 6.34 5.43 7.10 10.67 8.39 8.24 6.95 8.26 10.43 9.57 6.08 6.42
-9999.00 -9999.00 -9999.00 -9999.00 -9999.00 -9999.00 -9999.00 -9999.00 -9999.00 -9999.00 -9999.00 -9999.00 -9999.00 -9999.00 -9999.00 -9999.00 -9999.00 4.91 5.39 4.79 4.59 5.93 6.79 8.15 7.56 2.93 3.55 3.67 0.90 7.62 13.47 14.51 13.84 13.40 13.34 12.30 10.04 6.46 3.49 6.82 3.93 5.36 7.43 7.04 4.71 3.92 6.00 7.72 9.59 9.78 5.55 1.35 5.82 7.22 6.22 5.26 6.24 6.64 6.33 10.38 8.49 7.33 8.53 6.60 7.03 8.72 8.04 3.08 4.41
-9999.00 -9999.00 -9999.00 -9999.00 -9999.00 -9999.00 -9999.00 -9999.00 -9999.00 -9999.00 -9999.00 -9999.00 -9999.00 -9999.00 -9999.00 -9999.00 -9999.00 7.78 9.02 9.84 10.28 9.75 7.56 7.20 8.33 4.13 7.20 8.71 7.99 11.38 10.92 8.28 7.82 8.65 8.00 4.63 1.40 6.58 9.77 8.85 4.06 2.26 2.07 4.15 4.70 5.50 4.19 5.09 8.74 10.65 10.68 7.85 1.81 5.25 7.60 7.53 9.22 10.88 11.18 9.26 4.02 7.05 7.17 6.09 7.32 9.08 8.36 2.77 4.12
-9999.00 -9999.00 -9999.00 -9999.00 -9999.00 -9999.00 -9999.00 -9999.00 -9999.00 -9999.00 -9999.00 -9999.00 -9999.00 -9999.00 -9999.00 -9999.00 -9999.00 -9999.00 -9999.00 4.63 4.53 5.95 7.50 8.91 6.25 5.71 9.84 8.94 6.77 6.56 7.83 4.81 2.74 0.93 3.03 6.82 8.78 9.98 9.71 6.87 4.77 4.40 3.08 6.55 6.69 6.32 4.15 0.51 5.23 8.17 8.59 9.34 5.50 3.46 4.73 3.16 3.13 2.31 0.44 3.28 6.98 9.00 9.28 8.48 7.59 8.43 7.99 2.86 3.55
-9999.00 -9999.00 -9999.00 -9999.00 -9999.00 -9999.00 -9999.00 -9999.00 -9999.00 -9999.00 -9999.00 -9999.00 -9999.00 -9999.00 -9999.00 -9999.00 -9999.00 -9999.00 -9999.00 4.82 4.78 5.55 7.32 8.08 8.96 10.07 8.32 5.94 7.42 1.37 7.32 6.80 6.46 9.03 9.85 9.71 9.66 8.54 6.74 4.24 5.41 4.39 2.24 7.05 8.61 7.88 7.02 9.45 6.14 3.14 7.81 9.99 2.78 10.00 13.38 14.90 16.30 17.21 17.56 16.63 13.71 11.10 11.35 11.41 10.88 9.65 6.96 0.68 5.53
-9999.00 -9999.00 -9999.00 -9999.00 -9999.00 -9999.00 -9999.00 -9999.00 -9999.00 -9999.00 -9999.00 -9999.00 -9999.00 -9999.00 -9999.00 -9999.00 -9999.00 -9999.00 -9999.00 -9999.00 3.96 4.86 6.32 9.11 11.29 9.61 6.74 5.41 8.17 6.65 3.00 4.82 4.94 7.85 9.15 9.81 8.49 5.50 4.14 5.88 8.34 6.37 2.58 5.33 11.24 12.22 5.46 5.82 9.78 10.71 10.91 8.38 3.73 11.11 10.99 11.56 13.23 14.94 15.99 15.55 13.71 10.29 8.59 8.98 9.35 9.14 4.37 4.72 7.91
-9999.00 -9999.00 -9999.00 -9999.00 -9999.00 -9999.00 -9999.00 -9999.00 -9999.00 -9999.00 -9999.00 -9999.00 -9999.00 -9999.00 -9999.00 -9999.00 -9999.00 -9999.00 -9999.00 -9999.00 5.26 6.69 7.99 9.86 9.54 8.29 6.81 6.98 8.88 10.16 4.30 1.64 4.20 7.17 6.41 3.49 3.26 8.58 9.21 1.99 8.31 11.47 10.84 14.08 14.62 6.57 8.71 10.76 5.97 4.29 2.95 4.29 5.39 8.43 10.30 9.37 8.66 7.21 3.50 0.58 3.64 6.69 6.85 8.72 8.17 1.87 6.34 9.09 8.35
-9999.00 -9999.00 -9999.00 -9999.00 -9999.00 -9999.00 -9999.00 -9999.00 -9999.00 -9999.00 -9999.00 -9999.00 -9999.00 -9999.00 -9999.00 -9999.00 -9999.00 -9999.00 -9999.00 -9999.00 -9999.00 -9999.00 8.12 8.24 7.87 8.07 7.04 6.70 6.97 9.33 4.97 1.98 5.97 6.68 1.02 8.04 12.25 13.65 16.14 14.96 2.85 8.46 12.99 11.69 0.60 11.71 14.86 13.52 14.46 5.88 10.45 13.06 13.43 9.21 2.80 8.42 12.88 14.67 15.11 13.60 10.75 7.32 5.23 7.94 7.86 4.36 8.88 8.38 5.70
-9999.00 -9999.00 -9999.00 -9999.00 -9999.00 -9999.00 -9999.00 -9999.00 -9999.00 -9999.00 -9999.00 -9999.00 -9999.00 -9999.00 -9999.00 -9999.00 -9999.00 -9999.00 -9999.00 -9999.00 -9999.00 -9999.00 7.57 7.44 7.89 8.55 5.22 2.32 6.36 7.58 5.31 4.62 8.49 3.48 8.86 12.00 11.52 11.41 14.29 20.26 16.71 8.41 4.67 5.15 14.94 12.51 4.44 11.51 13.54 4.93 12.40 12.50 14.89 17.31 16.10 9.40 6.39 4.46 2.00 4.91 8.38 9.30 8.33 9.91 11.37 7.73 4.71 6.43 8.07
-9999.00 -9999.00 -9999.00 -9999.00 -9999.00 -9999.00 -9999.00 -9999.00 -9999.00 -9999.00 -9999.00 -9999.00 -9999.00 -9999.00 -9999.00 -9999.00 -9999.00 -9999.00 -9999.00 -9999.00 -9999.00 -9999.00 -9999.00 -9999.00 -9999.00 6.00 5.70 4.22 3.67 7.23 7.05 8.15 8.43 3.12 11.58 11.40 12.65 12.66 11.19 16.30 16.39 12.70 8.19 10.30 10.72 5.75 13.89 13.70 7.53 10.36 16.47 13.92 14.32 14.38 16.79 14.59 12.03 12.92 14.54 14.41 10.91 8.90 8.03 5.25 3.88 3.69 2.10 7.35 12.51
-9999.00 -9999.00 -9999.00 -9999.00 -9999.00 -9999.00 -9999.00 -9999.00 -9999.00 -9999.00 -9999.00 -9999.00 -9999.00 -9999.00 -9999.00 -9999.00 -9999.00 -9999.00 -9999.00 -9999.00 -9999.00 -9999.00 -9999.00 -9999.00 -9999.00 -9999.00 5.26 4.68 7.58 8.08 10.43 10.44 4.45 9.18 12.91 13.02 14.79 11.43 10.08 14.21 13.88 11.07 4.34 6.06 5.95 13.42 8.30 3.01 9.37 13.95 17.16 11.57 12.75 12.78 14.91 13.29 8.89 10.05 12.02 14.40 15.96 14.80 12.50 11.56 11.80 10.28 8.62 9.82 9.71
-9999.00 -9999.00 -9999.00 -9999.00 -9999.00 -9999.00 -9999.00 -9999.00 -9999.00 -9999.00 -9999.00 -9999.00 -9999.00 -9999.00 -9999.00 -9999.00 -9999.00 -9999.00 -9999.00 -9999.00 -9999.00 -9999.00 -9999.00 -9999.00 -9999.00 -9999.00 -9999.00 7.96 5.77 10.32 11.64 9.67 5.12 12.46 13.42 14.17 13.72 5.40 14.25 16.32 13.61 6.97 6.08 3.68 8.58 1.89 10.68 17.99 19.47 16.86 14.58 10.26 10.55 9.82 15.11 15.79 12.43 9.59 4.51 0.87 0.75 0.77 1.79 4.01 7.04 9.34 10.45 9.29 3.61
-9999.00 -9999.00 -9999.00 -9999.00 -9999.00 -9999.00 -9999.00 -9999.00 -9999.00 -9999.00 -9999.00 -9999.00 -9999.00 -9999.00 -9999.00 -9999.00 -9999.00 -9999.00 -9999.00 -9999.00 -9999.00 -9999.00 -9999.00 -9999.00 -9999.00 -9999.00 -9999.00 -9999.00 6.57 11.02 10.25 9.17 6.43 11.53 11.29 12.17 10.33 5.40 18.43 16.56 9.27 7.11 10.17 11.36 10.14 6.49 14.36 14.78 14.82 17.47 17.31 14.58 12.03 7.41 10.36 11.42 5.15 3.06 7.79 9.52 8.58 5.51 3.91 5.06 4.46 2.38 2.68 2.78 3.78
-9999.00 -9999.00 -9999.00 -9999.00 -9999.00 -9999.00 -9999.00 -9999.00 -9999.00 -9999.00 -9999.00 -9999.00 -9999.00 -9999.00 -9999.00 -9999.00 -9999.00 -9999.00 -9999.00 -9999.00 -9999.00 -9999.00 -9999.00 -9999.00 -9999.00 -9999.00 -9999.00 -9999.00 -9999.00 11.03 9.75 9.72 11.90 14.21 11.61 11.30 7.11 11.10 19.97 12.06 6.01 12.38 9.75 14.48 10.88 3.74 12.47 13.20 8.61 9.17 12.03 10.06 3.31 3.20 6.97 11.63 11.34 12.52 10.75 5.53 5.00 7.41 7.28 2.27 4.16 7.71 10.03 10.13 5.59
-9999.00 -9999.00 -9999.00 -9999.00 -9999.00 -9999.00 -9999.00 -9999.00 -9999.00 -9999.00 -9999.00 -9999.00 -9999.00 -9999.00 -9999.00 -9999.00 -9999.00 -9999.00 -9999.00 -9999.00 -9999.00 -9999.00 -9999.00 -9999.00 -9999.00 -9999.00 -9999.00 -9999.00 -9999.00 -9999.00 -9999.00 -9999.00 15.02 16.60 13.28 12.00 5.63 15.44 16.62 9.62 14.49 11.45 8.38 13.17 12.88 10.27 5.20 15.36 13.13 9.24 6.72 1.07 9.04 12.77 14.22 12.16 13.24 12.05 6.97 9.46 7.38 6.30 4.09 8.19 10.56 10.41 10.39 11.95 9.08
-9999.00 -9999.00 -9999.00 -9999.00 -9999.00 -9999.00 -9999.00 -9999.00 -9999.00 -9999.00 -9999.00 -9999.00 -9999.00 -9999.00 -9999.00 -9999.00 -9999.00 -9999.00 -9999.00 -9999.00 -9999.00 -9999.00 -9999.00 -9999.00 -9999.00 -9999.00 -9999.00 -9999.00 -9999.00 -9999.00 -9999.00 -9999.00 -9999.00 -9999.00 -9999.00 10.46 7.10 17.33 15.13 15.40 17.00 14.86 15.26 17.27 17.83 17.45 8.61 13.15 15.73 10.11 5.19 5.78 11.60 11.19 14.27 16.93 15.68 13.44 8.34 14.16 12.35 11.23 12.05 13.32 13.19 12.86 10.51 9.80 9.30
-9999.00 -9999.00 -9999.00 -9999.00 -9999.00 -9999.00 -9999.00 -9999.00 -9999.00 -9999.00 -9999.00 -9999.00 -9999.00 -9999.00 -9999.00 -9999.00 -9999.00 -9999.00 -9999.00 -9999.00 -9999.00 -9999.00 -9999.00 -9999.00 -9999.00 -9999.00 -9999.00 -9999.00 -9999.00 -9999.00 -9999.00 -9999.00 -9999.00 -9999.00 -9999.00 -9999.00 -9999.00 -9999.00 18.10 18.10 17.38 17.19 16.99 14.96 11.29 13.67 10.46 10.29 17.53 10.00 1.85 10.75 13.02 12.99 13.78 11.44 10.30 8.59 5.81 13.54 16.57 14.21 14.82 15.69 13.78 11.07 8.38 8.56 5.78
-9999.00 -9999.00 -9999.00 -9999.00 -9999.00 -9999.00 -9999.00 -9999.00 -9999.00 -9999.00 -9999.00 -9999.00 -9999.00 -9999.00 -9999.00 -9999.00 -9999.00 -9999.00 -9999.00 -9999.00 -9999.00 -9999.00 -9999.00 -9999.00 -9999.00 -9999.00 -9999.00 -9999.00 -9999.00 -9999.00 -9999.00 -9999.00 -9999.00 -9999.00 -9999.00 -9999.00 -9999.00 -9999.00 -9999.00 21.87 19.39 16.94 14.68 13.02 12.91 13.71 11.45 10.41 18.01 7.85 7.04 13.86 14.73 13.49 7.70 6.16 11.49 12.86 9.80 3.51 12.92 14.88 14.96 12.10 5.21 9.87 10.10 6.30 5.32
-9999.00 -9999.00 -9999.00 -9999.00 -9999.00 -9999.00 -9999.00 -9999.00 -9999.00 -9999.00 -9999.00 -9999.00 -9999.00 -9999.00 -9999.00 -9999.00 -9999.00 -9999.00 -9999.00 -9999.00 -9999.00 -9999.00 -9999.00 -9999.00 -9999.00 -9999.00 -9999.00 -9999.00 -9999.00 -9999.00 -9999.00 -9999.00 -9999.00 -9999.00 -9999.00 -9999.00 -9999.00 -9999.00 -9999.00 -9999.00 -9999.00 19.23 19.54 17.05 14.80 14.99 11.12 14.25 14.83 0.90 12.69 15.89 10.81 2.83 11.03 15.22 14.18 13.64 15.58 13.57 3.31 8.94 7.35 5.51 12.46 12.01 3.30 6.30 10.86
-9999.00 -9999.00 -9999.00 -9999.00 -9999.00 -9999.00 -9999.00 -9999.00 -9999.00 -9999.00 -9999.00 -9999.00 -9999.00 -9999.00 -9999.00 -9999.00 -9999.00 -9999.00 -9999.00 -9999.00 -9999.00 -9999.00 -9999.00 -9999.00 -9999.00 -9999.00 -9999.00 -9999.00 -9999.00 -9999.00 -9999.00 -9999.00 -9999.00 -9999.00 -9999.00 -9999.00 -9999.00 -9999.00 -9999.00 -9999.00 -9999.00 -9999.00 19.01 16.46 13.38 12.20 7.62 15.51 6.28 9.05 13.91 10.36 5.93 13.74 12.94 5.45 5.40 8.55 10.31 12.31 10.62 2.74 7.03 10.68 9.70 8.52 12.46 13.87 13.45
