hydro/data/static_data/land/marche.roughness.txt
ncols	643
nrows	534
xllcorner	12.041800
yllcorner	42.520600
cellsize	0.003003
NODATA_value	-9999.000000
[rows 210 to 239 of 534, columns 402 to 468 of 643]
42.10 44.00 37.20 35.30 66.10 74.10 81.30 76.80 76.80 79.60 85.70 85.70 108.40 120.80 101.80 67.30 68.60 68.60 68.60 52.60 51.00 46.40 46.20 43.00 49.50 72.80 48.70 57.00 58.30 59.40 63.90 63.90 74.80 70.80 64.90 47.80 57.40 65.70 53.00 67.40 48.40 36.90 41.10 41.10 59.80 75.60 76.60 78.00 76.80 66.40 68.90 57.10 49.40 63.80 60.40 64.60 53.60 30.30 33.90 40.70 46.80 46.80 39.50 61.20 67.70 91.60 71.00
34.00 44.30 39.30 36.40 38.80 53.20 79.10 90.70 92.20 81.20 89.40 95.20 104.20 103.70 74.90 47.90 59.60 36.10 67.50 66.30 30.30 51.30 46.30 48.00 70.30 83.30 48.20 63.30 63.60 63.60 49.70 46.20 65.00 51.60 45.50 57.30 61.00 66.50 72.60 74.60 63.00 43.10 17.30 29.40 43.20 43.20 45.10 41.40 37.90 39.90 39.80 32.90 57.60 76.90 76.90 76.90 43.00 29.70 44.30 42.30 39.00 34.30 43.80 54.20 62.30 91.60 95.90
35.40 28.70 35.00 49.30 44.10 55.80 57.10 69.70 77.60 76.40 76.40 97.30 97.30 96.10 76.50 59.10 71.20 71.20 67.50 69.10 36.10 51.00 44.90 49.20 77.70 70.50 46.90 50.60 49.50 59.80 51.60 57.70 66.60 57.50 47.80 51.20 40.60 43.00 46.70 46.70 42.20 34.10 23.50 14.40 15.80 16.30 18.50 20.70 19.10 19.40 19.60 22.50 32.50 38.40 38.40 38.40 27.70 38.30 38.30 36.20 38.50 49.40 45.00 47.50 70.80 103.40 114.40
38.10 38.10 28.50 39.10 48.60 61.20 65.60 96.00 70.70 39.50 47.40 56.40 53.40 61.30 76.50 60.10 79.40 79.40 60.10 69.10 41.10 55.20 58.80 47.80 70.80 49.40 43.80 47.10 53.60 61.60 45.50 55.40 68.90 59.00 42.00 48.90 59.10 55.90 55.90 52.30 48.60 46.60 43.20 43.40 43.40 43.30 29.40 17.10 18.00 17.40 15.90 13.70 14.40 14.10 13.90 15.80 16.90 20.10 23.70 39.90 51.60 46.10 41.40 63.30 70.90 73.20 73.40
45.10 47.30 47.30 47.00 42.80 54.60 74.10 96.00 70.70 58.70 66.60 65.60 78.90 78.90 76.50 64.20 48.00 64.00 53.60 61.00 53.80 67.90 67.90 63.90 60.40 44.00 44.80 49.20 53.80 54.00 48.50 70.30 83.30 75.70 66.80 62.90 60.10 56.70 55.10 51.80 50.30 49.10 50.10 55.60 56.10 56.10 56.10 50.40 49.90 49.10 50.40 50.20 52.10 49.70 47.90 40.70 24.20 14.00 19.30 26.60 31.00 32.90 42.90 45.20 50.70 54.20 54.20
48.00 53.90 68.20 68.60 68.60 57.20 87.90 77.10 38.80 45.50 70.50 66.80 80.60 80.60 59.30 61.20 35.90 48.40 48.40 50.50 57.90 46.30 46.30 51.80 50.40 45.00 31.00 28.40 37.70 47.80 70.30 66.70 66.60 56.70 45.00 49.10 73.10 82.00 82.00 81.10 77.80 76.80 77.50 84.90 82.70 52.50 47.50 48.10 47.30 45.60 43.50 42.80 44.10 49.80 53.30 53.90 53.90 46.60 36.40 17.70 23.50 23.50 24.60 31.50 32.90 34.10 34.10
48.00 64.20 79.00 88.80 93.20 94.40 103.10 84.00 46.70 37.70 54.50 55.40 68.80 68.80 38.60 43.10 48.30 52.70 53.60 59.60 59.10 29.50 31.30 36.10 43.40 49.90 54.70 52.90 58.40 64.60 60.00 56.90 90.90 98.90 116.00 128.30 130.80 130.80 127.80 111.70 107.90 108.20 112.40 119.80 120.80 96.90 96.90 90.30 85.50 85.50 86.90 87.80 71.20 67.20 71.10 55.20 51.90 51.90 51.90 34.80 17.80 27.60 37.90 42.90 42.90 46.90 41.40
83.60 101.70 75.70 52.60 59.80 59.80 62.50 54.40 46.70 52.60 55.10 61.20 69.70 66.70 46.50 46.60 51.50 40.10 45.80 49.60 43.70 47.10 50.70 53.00 68.10 70.60 64.30 58.90 52.30 58.20 102.90 128.10 139.00 139.00 122.10 122.10 117.90 83.00 58.70 51.20 45.20 44.60 38.80 68.30 81.70 75.70 95.70 90.30 85.50 85.50 76.30 83.20 64.40 67.20 71.10 55.20 36.30 46.40 49.70 49.70 52.20 55.00 55.40 55.40 54.20 56.20 57.70
103.60 101.70 75.70 37.50 38.90 38.90 39.70 39.70 61.50 85.00 65.40 65.40 68.20 65.70 56.00 56.00 59.60 69.00 62.20 63.30 61.80 67.00 63.20 61.40 56.00 60.50 77.10 85.60 102.20 128.20 139.70 139.70 131.30 90.10 53.90 45.90 50.20 62.10 59.70 61.50 55.50 54.90 46.00 92.70 98.80 83.70 87.90 80.70 75.90 74.40 76.30 83.20 64.40 54.50 52.80 41.50 36.30 32.70 43.40 43.40 45.90 47.50 41.90 43.00 41.80 46.20 45.90
63.20 60.50 42.60 51.10 58.60 61.90 62.90 69.10 108.90 128.20 101.10 75.60 75.20 72.10 67.70 67.70 66.90 67.10 62.20 58.80 50.40 57.80 67.70 94.90 103.40 116.60 123.10 123.10 119.30 115.10 126.60 95.00 55.50 53.70 56.20 55.80 60.40 62.10 40.30 40.50 58.00 86.80 102.10 106.50 94.30 74.30 75.60 69.60 69.50 68.00 81.40 103.50 103.50 103.50 85.60 60.00 80.40 82.00 73.30 64.70 56.70 55.70 55.20 51.80 49.20 51.40 48.30
27.80 38.10 39.60 46.40 41.10 66.00 88.20 90.20 94.10 98.80 73.90 54.20 56.40 59.40 45.60 53.00 52.20 60.10 92.20 92.20 89.50 94.40 82.00 94.90 102.80 94.00 90.30 66.80 46.00 35.60 54.20 54.20 55.50 59.20 59.60 61.20 74.00 100.20 70.10 78.50 78.90 78.50 81.30 85.70 64.50 75.30 88.90 102.30 119.20 121.80 126.80 115.90 96.30 91.70 99.70 103.00 109.80 106.50 94.40 76.10 61.40 61.40 55.70 31.10 13.00 37.20 44.00
48.40 58.70 52.70 43.40 52.20 71.10 64.40 62.20 65.10 71.50 74.10 74.10 79.40 89.80 92.80 95.60 94.80 99.20 99.80 99.80 91.80 77.90 64.90 61.30 46.40 49.70 56.20 31.80 57.70 59.30 58.80 57.00 38.10 59.70 52.50 63.00 102.00 113.80 83.30 83.30 78.90 86.60 105.10 109.50 109.50 88.10 69.00 68.30 85.20 63.60 61.80 61.80 51.20 71.30 79.10 83.60 92.30 72.50 61.50 39.50 40.00 43.40 38.70 41.60 30.60 15.80 6.30
73.30 67.40 88.90 86.20 78.10 71.10 60.50 69.80 91.50 107.30 107.30 89.00 80.30 80.30 100.70 101.20 101.20 101.20 84.50 39.70 42.10 36.40 42.10 50.70 50.70 50.70 57.20 44.60 61.50 52.80 40.30 54.10 55.20 67.80 55.10 74.30 90.10 101.90 63.00 92.30 109.00 114.20 128.20 115.20 100.10 87.10 73.80 57.00 48.50 37.70 30.70 33.60 48.20 51.90 52.60 43.40 67.50 71.20 72.30 58.70 58.70 71.40 71.20 53.60 43.10 25.60 6.90
82.30 119.80 119.90 102.10 79.50 68.40 79.60 82.00 102.30 115.40 95.10 74.80 74.30 58.20 56.80 40.50 40.50 55.80 53.80 57.20 61.00 47.10 42.10 27.80 28.20 44.70 57.50 57.50 62.40 55.80 32.70 59.60 59.80 60.80 36.50 72.70 88.50 100.30 98.10 92.30 90.90 77.50 67.60 47.30 80.10 82.90 82.90 80.80 61.10 37.70 55.80 55.80 55.80 40.10 40.80 40.80 67.50 72.30 72.30 63.70 40.10 56.00 64.50 52.20 64.20 60.70 41.40
143.80 134.10 108.40 71.00 67.80 80.30 105.10 101.30 60.10 67.70 50.10 48.20 48.20 43.60 58.90 52.90 55.50 66.70 50.40 28.70 29.60 35.10 46.20 49.00 49.40 36.00 34.30 41.70 41.70 45.90 29.50 33.50 33.70 32.30 48.90 89.10 104.50 104.50 104.50 71.70 52.00 43.00 52.00 45.40 40.90 33.30 40.30 67.50 59.60 59.90 59.90 59.90 59.30 72.10 72.10 63.90 44.10 32.20 31.50 43.20 50.00 69.60 86.00 78.10 90.50 69.20 48.60
109.10 98.40 71.40 77.90 86.40 94.00 92.80 72.60 37.80 54.40 35.10 57.70 57.70 43.60 58.90 58.80 44.70 43.00 39.70 63.00 77.50 81.00 81.60 86.40 77.00 56.00 37.00 23.90 37.60 48.90 52.90 56.90 57.10 52.10 47.90 61.20 47.80 69.00 88.80 88.80 88.80 64.20 54.70 61.80 44.90 55.70 65.10 68.30 61.30 39.30 51.60 55.90 70.10 70.10 70.10 63.30 62.90 49.00 48.00 55.40 65.20 81.50 97.50 77.50 62.30 53.70 61.00
82.80 45.10 80.20 96.60 85.70 56.80 49.00 29.00 30.40 62.80 62.80 68.60 63.00 39.70 55.50 61.50 66.40 59.70 51.70 85.30 93.30 88.20 85.50 60.30 60.50 52.50 37.00 23.90 37.60 42.10 65.80 75.80 78.00 78.00 75.60 53.80 44.80 31.40 58.40 66.60 68.40 58.00 75.70 75.50 58.60 69.40 64.40 54.10 57.00 66.30 73.70 81.10 72.30 53.70 49.10 53.20 64.70 63.80 60.30 83.70 107.90 101.00 81.60 63.90 54.90 78.80 86.90
71.80 48.60 109.80 95.30 51.40 44.90 45.40 43.30 44.70 53.90 63.40 51.00 48.50 47.50 35.00 41.90 66.90 72.50 77.90 83.10 62.60 42.70 60.50 60.30 60.50 51.40 47.10 61.30 61.30 47.50 41.70 51.00 93.20 105.80 105.80 97.00 71.30 32.90 39.10 50.60 50.60 40.20 44.40 43.30 43.30 69.40 64.40 54.10 57.00 64.00 73.70 81.10 77.90 77.90 85.60 64.40 43.10 58.70 65.70 106.60 116.30 91.30 66.40 57.60 76.40 92.50 105.80
71.30 81.90 106.00 95.30 38.30 48.40 63.00 55.50 37.50 37.50 50.40 39.70 44.90 39.70 35.00 29.10 40.40 46.00 51.40 59.10 50.20 48.10 60.50 64.10 76.50 87.90 84.80 91.00 83.90 83.70 83.80 81.90 67.30 71.10 83.70 76.90 58.60 43.50 57.60 57.60 57.60 36.30 46.30 80.70 80.70 80.70 68.10 57.70 56.40 56.40 45.30 44.70 55.50 79.20 88.80 68.90 47.90 44.10 60.80 91.90 78.80 55.40 56.30 66.10 77.30 58.10 56.00
99.30 98.50 99.00 68.80 67.80 67.80 73.60 50.20 37.80 28.40 45.80 24.10 47.50 39.70 44.60 44.60 45.30 26.10 43.40 68.80 68.80 68.80 50.90 54.60 64.60 71.70 59.20 65.40 48.60 44.30 51.60 67.40 67.30 62.00 76.00 85.80 87.60 73.90 67.40 67.40 43.20 36.30 66.20 71.90 71.90 52.10 51.80 72.60 59.90 64.40 62.30 46.60 32.60 50.90 76.00 72.80 49.90 39.00 56.50 56.70 56.30 67.60 67.60 57.00 52.30 36.10 34.50
69.80 49.10 51.40 48.50 54.40 56.00 56.00 41.00 40.20 31.20 45.10 27.90 52.60 48.00 48.00 48.00 42.40 41.20 44.50 59.40 43.70 53.80 53.10 37.20 48.80 62.30 49.80 62.60 62.60 64.40 53.40 46.70 82.30 99.20 99.20 68.30 62.80 45.70 45.70 47.00 43.20 46.20 77.90 77.90 53.20 35.20 34.90 62.60 44.40 44.40 49.70 37.40 52.90 76.60 89.40 79.40 71.00 70.90 54.00 55.10 94.70 110.40 108.80 69.80 45.10 36.60 47.70
57.70 49.10 51.40 43.00 28.40 27.50 32.00 34.90 44.10 46.80 52.90 33.90 50.80 49.30 48.50 43.00 38.60 46.10 58.90 46.50 33.20 49.30 53.10 37.20 53.90 79.90 62.20 62.20 62.20 46.60 44.50 27.40 52.90 70.60 62.80 65.70 66.40 41.50 44.50 51.50 38.70 44.10 68.70 54.90 47.20 35.20 39.00 67.90 38.20 42.30 52.80 51.70 69.40 78.80 70.40 75.80 74.90 58.20 58.80 111.30 116.30 125.20 105.00 73.00 73.00 69.90 61.90
46.70 57.40 60.60 55.30 50.00 50.40 43.30 34.90 28.60 31.30 37.40 64.10 65.90 65.90 76.40 72.40 41.60 47.00 53.10 29.80 35.90 36.40 40.80 31.30 44.00 62.30 38.30 28.50 40.00 40.80 42.50 26.20 51.70 69.40 59.00 44.40 45.90 43.50 46.50 66.40 52.30 49.60 75.50 43.30 50.80 64.80 71.60 78.50 49.10 77.60 116.70 123.00 124.60 120.30 94.50 75.30 62.50 52.60 73.80 109.20 106.80 70.10 41.60 53.00 53.00 66.00 64.40
45.70 61.50 75.10 76.10 70.30 59.50 54.00 58.00 57.30 60.00 66.10 89.60 75.60 65.80 80.90 91.20 79.00 57.40 50.30 39.40 37.10 32.90 35.80 39.70 58.40 64.80 40.30 29.30 47.10 44.60 37.50 26.20 45.70 69.40 59.00 44.40 53.70 44.00 33.60 52.40 64.70 54.30 80.00 47.20 50.40 64.50 82.20 89.20 79.70 103.50 103.80 103.80 96.70 74.80 63.80 58.90 59.60 62.00 73.80 104.40 56.40 52.40 57.60 49.40 40.60 41.50 28.50
28.40 45.60 53.50 48.80 57.80 75.70 72.60 46.60 37.80 42.10 58.10 90.10 91.90 89.30 75.10 73.50 78.40 78.40 66.50 39.40 37.10 26.30 35.00 27.80 48.30 53.40 40.70 35.20 48.00 44.60 46.00 46.20 50.20 81.90 52.40 38.30 48.20 52.50 59.80 67.00 79.90 100.80 114.20 86.90 74.80 76.10 64.60 60.40 47.10 57.10 56.80 58.60 59.50 78.20 106.50 116.30 116.30 116.30 100.90 50.10 32.80 33.20 58.30 68.50 70.60 58.50 45.50
57.80 57.80 40.90 33.40 33.90 47.00 52.80 44.90 31.90 39.80 39.80 49.70 89.30 104.90 104.90 102.60 87.20 57.40 75.50 49.80 38.60 39.70 28.40 21.20 41.70 46.30 38.70 36.80 58.20 71.50 73.00 48.90 54.10 77.20 44.70 32.30 45.60 66.50 81.60 95.00 104.10 104.10 102.30 75.50 52.60 59.60 90.70 106.50 100.00 116.90 113.00 90.40 55.30 78.20 99.80 105.10 88.70 75.80 67.30 64.90 76.90 102.10 114.70 107.40 101.80 89.70 76.70
66.70 69.10 65.20 46.60 36.50 39.90 52.80 46.30 52.00 52.20 43.20 42.40 47.80 61.90 93.10 103.00 104.00 68.50 77.80 77.80 39.60 35.20 30.00 26.60 40.00 46.30 42.80 36.90 47.30 52.40 46.00 56.70 56.70 68.20 57.70 48.80 76.40 113.90 99.90 78.20 46.60 49.00 52.30 66.50 92.90 99.80 99.80 108.10 108.20 108.20 108.20 105.30 73.70 50.70 39.10 44.60 61.20 73.70 85.20 87.40 105.20 105.10 100.00 95.50 60.50 42.10 54.80
46.10 45.50 63.30 65.20 65.20 65.20 51.50 36.80 52.00 53.40 51.00 48.30 53.70 53.70 31.10 73.10 105.90 89.00 53.50 61.10 69.70 51.00 32.70 36.80 36.10 34.40 42.80 42.80 23.30 47.30 63.30 63.30 63.30 63.60 86.60 70.30 86.90 91.20 76.10 76.50 81.70 81.70 79.90 64.40 77.50 80.30 70.80 48.50 38.00 39.60 76.70 87.80 88.00 88.00 83.00 90.40 95.20 96.30 80.30 79.20 71.80 86.20 55.90 59.20 49.30 49.30 25.40
34.20 39.70 63.00 63.00 61.10 52.20 34.50 32.60 32.60 45.10 51.00 44.40 40.70 54.90 40.00 40.30 96.40 95.10 83.70 66.30 72.70 56.80 21.90 35.20 33.40 36.20 44.90 50.30 32.10 38.30 48.90 58.90 63.30 93.10 99.80 79.20 65.20 65.10 96.20 113.40 117.10 110.10 80.10 43.90 40.20 34.10 33.10 40.20 45.30 55.30 72.00 77.10 102.40 118.90 118.90 118.90 84.10 64.60 40.50 55.40 48.00 62.40 67.50 80.20 61.90 64.80 48.10
48.30 36.10 44.20 44.20 44.40 42.30 52.80 52.80 49.10 57.00 77.70 76.70 60.60 81.20 78.40 50.90 55.70 91.90 83.70 70.50 63.30 75.40 50.40 35.70 33.10 44.10 31.60 50.30 36.00 27.50 46.10 70.90 76.80 76.80 78.80 58.70 62.40 77.80 91.40 110.40 87.40 68.40 78.30 56.60 27.60 28.00 33.10 40.20 45.50 66.90 72.00 58.00 46.00 59.20 59.20 65.50 42.70 49.00 63.00 63.00 55.60 46.40 70.20 70.20 52.20 59.60 42.90
