hydro/data/static_data/land/marche.hillshade.txt
ncols	643
nrows	534
xllcorner	12.041800
yllcorner	42.520600
cellsize	0.003003
NODATA_value	-9999.000000
[rows 280 to 314 of 534, columns 390 to 467 of 643]
174.00 179.00 177.00 171.00 181.00 195.00 201.00 197.00 189.00 181.00 168.00 159.00 159.00 162.00 168.00 172.00 175.00 180.00 180.00 175.00 172.00 176.00 180.00 182.00 180.00 180.00 180.00 180.00 179.00 178.00 178.00 172.00 167.00 167.00 169.00 169.00 166.00 165.00 175.00 196.00 204.00 199.00 195.00 193.00 189.00 185.00 183.00 183.00 185.00 188.00 191.00 193.00 194.00 193.00 193.00 194.00 192.00 187.00 181.00 178.00 178.00 177.00 173.00 167.00 164.00 162.00 164.00 175.00 188.00 194.00 190.00 177.00 165.00 169.00 184.00 191.00 185.00 171.00
169.00 168.00 162.00 164.00 177.00 181.00 178.00 168.00 154.00 149.00 147.00 149.00 154.00 159.00 166.00 172.00 175.00 178.00 177.00 175.00 172.00 175.00 178.00 177.00 174.00 172.00 172.00 175.00 177.00 177.00 176.00 173.00 171.00 171.00 169.00 166.00 166.00 177.00 193.00 202.00 198.00 192.00 194.00 194.00 189.00 184.00 181.00 183.00 187.00 192.00 196.00 198.00 195.00 189.00 186.00 184.00 183.00 181.00 180.00 180.00 180.00 178.00 174.00 172.00 171.00 169.00 175.00 188.00 194.00 188.00 176.00 165.00 163.00 175.00 185.00 181.00 168.00 158.00
166.00 166.00 167.00 174.00 178.00 171.00 163.00 153.00 143.00 142.00 146.00 149.00 153.00 157.00 164.00 170.00 174.00 177.00 178.00 176.00 173.00 174.00 175.00 173.00 171.00 170.00 170.00 172.00 174.00 173.00 175.00 179.00 175.00 168.00 166.00 170.00 183.00 197.00 203.00 198.00 191.00 193.00 198.00 194.00 184.00 178.00 180.00 185.00 190.00 195.00 197.00 194.00 187.00 180.00 177.00 177.00 178.00 180.00 184.00 186.00 186.00 183.00 181.00 179.00 176.00 177.00 186.00 190.00 182.00 171.00 165.00 164.00 170.00 177.00 177.00 166.00 155.00 156.00
166.00 168.00 173.00 176.00 172.00 165.00 161.00 156.00 149.00 147.00 150.00 151.00 153.00 159.00 165.00 170.00 174.00 174.00 174.00 175.00 175.00 177.00 177.00 177.00 176.00 175.00 173.00 171.00 169.00 167.00 171.00 177.00 173.00 170.00 178.00 191.00 201.00 205.00 202.00 194.00 191.00 195.00 197.00 192.00 180.00 177.00 183.00 189.00 192.00 193.00 188.00 180.00 175.00 175.00 175.00 177.00 179.00 181.00 184.00 185.00 187.00 186.00 184.00 182.00 179.00 182.00 186.00 180.00 169.00 166.00 167.00 171.00 175.00 178.00 178.00 174.00 173.00 178.00
170.00 170.00 174.00 172.00 167.00 164.00 160.00 156.00 151.00 150.00 151.00 152.00 156.00 160.00 163.00 168.00 172.00 170.00 165.00 168.00 171.00 172.00 173.00 173.00 171.00 169.00 167.00 167.00 169.00 173.00 178.00 181.00 183.00 189.00 197.00 202.00 203.00 201.00 198.00 191.00 190.00 196.00 197.00 193.00 183.00 180.00 187.00 189.00 187.00 184.00 179.00 173.00 172.00 175.00 178.00 180.00 180.00 180.00 178.00 179.00 181.00 179.00 175.00 175.00 177.00 180.00 181.00 178.00 175.00 176.00 177.00 177.00 178.00 178.00 178.00 179.00 182.00 184.00
171.00 168.00 170.00 170.00 168.00 166.00 161.00 158.00 156.00 155.00 152.00 154.00 157.00 157.00 159.00 164.00 168.00 165.00 163.00 170.00 173.00 171.00 170.00 169.00 168.00 170.00 176.00 181.00 187.00 191.00 192.00 190.00 193.00 197.00 195.00 194.00 191.00 189.00 186.00 183.00 185.00 191.00 192.00 187.00 182.00 182.00 184.00 181.00 180.00 184.00 186.00 182.00 178.00 179.00 183.00 184.00 182.00 181.00 180.00 178.00 175.00 170.00 167.00 170.00 174.00 176.00 179.00 179.00 178.00 178.00 178.00 177.00 176.00 175.00 174.00 173.00 173.00 172.00
169.00 168.00 174.00 175.00 171.00 164.00 159.00 160.00 162.00 160.00 157.00 162.00 166.00 170.00 178.00 178.00 175.00 174.00 180.00 189.00 189.00 187.00 185.00 184.00 185.00 189.00 193.00 194.00 194.00 193.00 190.00 187.00 189.00 190.00 187.00 186.00 184.00 180.00 178.00 177.00 180.00 183.00 185.00 186.00 186.00 184.00 179.00 179.00 185.00 193.00 194.00 186.00 179.00 179.00 181.00 178.00 177.00 178.00 180.00 178.00 176.00 173.00 169.00 170.00 174.00 176.00 178.00 178.00 176.00 175.00 174.00 174.00 174.00 174.00 174.00 172.00 169.00 166.00
168.00 174.00 178.00 177.00 173.00 165.00 158.00 160.00 163.00 165.00 170.00 183.00 192.00 196.00 198.00 192.00 191.00 193.00 197.00 196.00 192.00 190.00 191.00 191.00 192.00 193.00 191.00 188.00 186.00 184.00 182.00 181.00 183.00 185.00 185.00 186.00 185.00 184.00 185.00 187.00 189.00 192.00 194.00 193.00 189.00 182.00 175.00 179.00 187.00 189.00 186.00 177.00 174.00 176.00 178.00 174.00 173.00 176.00 175.00 174.00 176.00 175.00 171.00 171.00 174.00 174.00 175.00 176.00 171.00 168.00 167.00 168.00 170.00 172.00 171.00 168.00 166.00 166.00
171.00 174.00 170.00 165.00 166.00 164.00 163.00 171.00 179.00 186.00 194.00 202.00 205.00 201.00 194.00 191.00 195.00 197.00 197.00 192.00 187.00 187.00 187.00 187.00 188.00 189.00 187.00 184.00 182.00 181.00 181.00 184.00 184.00 185.00 188.00 188.00 188.00 190.00 193.00 195.00 195.00 194.00 192.00 185.00 178.00 174.00 168.00 172.00 176.00 173.00 170.00 167.00 167.00 171.00 175.00 176.00 179.00 179.00 174.00 172.00 174.00 176.00 176.00 177.00 176.00 175.00 172.00 169.00 165.00 165.00 168.00 169.00 169.00 169.00 168.00 169.00 174.00 183.00
170.00 169.00 163.00 157.00 162.00 161.00 168.00 185.00 196.00 202.00 205.00 205.00 199.00 190.00 187.00 193.00 198.00 197.00 193.00 189.00 188.00 190.00 189.00 187.00 189.00 188.00 182.00 181.00 183.00 182.00 184.00 187.00 185.00 187.00 191.00 192.00 193.00 195.00 196.00 191.00 183.00 182.00 182.00 177.00 171.00 168.00 162.00 165.00 167.00 163.00 163.00 164.00 166.00 170.00 174.00 177.00 180.00 178.00 173.00 172.00 174.00 178.00 180.00 179.00 174.00 169.00 166.00 165.00 169.00 177.00 184.00 184.00 182.00 181.00 182.00 187.00 191.00 194.00
164.00 164.00 163.00 162.00 165.00 163.00 176.00 195.00 202.00 204.00 204.00 199.00 190.00 188.00 194.00 201.00 202.00 194.00 186.00 184.00 186.00 186.00 182.00 181.00 182.00 177.00 177.00 185.00 185.00 180.00 184.00 186.00 184.00 187.00 191.00 190.00 188.00 187.00 186.00 178.00 172.00 179.00 183.00 179.00 174.00 174.00 173.00 173.00 172.00 166.00 167.00 171.00 172.00 175.00 177.00 178.00 178.00 176.00 174.00 174.00 177.00 178.00 175.00 169.00 164.00 167.00 175.00 181.00 186.00 192.00 194.00 192.00 190.00 191.00 194.00 197.00 196.00 194.00
177.00 171.00 167.00 165.00 163.00 166.00 187.00 200.00 203.00 204.00 203.00 196.00 187.00 192.00 200.00 201.00 194.00 184.00 178.00 178.00 176.00 174.00 176.00 179.00 178.00 180.00 188.00 192.00 182.00 176.00 183.00 189.00 189.00 189.00 185.00 181.00 179.00 178.00 179.00 174.00 171.00 178.00 180.00 174.00 175.00 181.00 182.00 180.00 178.00 174.00 174.00 175.00 173.00 173.00 173.00 172.00 173.00 176.00 178.00 178.00 177.00 173.00 167.00 166.00 173.00 184.00 191.00 192.00 192.00 193.00 193.00 193.00 195.00 197.00 199.00 201.00 200.00 197.00
178.00 177.00 174.00 169.00 168.00 179.00 196.00 201.00 200.00 200.00 196.00 184.00 175.00 183.00 186.00 185.00 184.00 180.00 175.00 172.00 171.00 180.00 189.00 188.00 188.00 193.00 196.00 190.00 178.00 177.00 188.00 195.00 193.00 185.00 178.00 177.00 178.00 181.00 184.00 179.00 173.00 175.00 175.00 170.00 173.00 175.00 172.00 170.00 169.00 168.00 172.00 174.00 173.00 171.00 167.00 165.00 167.00 171.00 173.00 172.00 170.00 166.00 168.00 179.00 190.00 193.00 191.00 191.00 193.00 195.00 199.00 201.00 200.00 196.00 193.00 191.00 188.00 185.00
160.00 165.00 170.00 175.00 180.00 191.00 198.00 198.00 196.00 190.00 179.00 163.00 162.00 170.00 173.00 179.00 186.00 182.00 172.00 170.00 180.00 193.00 193.00 185.00 184.00 187.00 187.00 182.00 178.00 184.00 192.00 195.00 189.00 179.00 175.00 177.00 180.00 183.00 185.00 181.00 173.00 173.00 175.00 173.00 172.00 167.00 162.00 160.00 159.00 163.00 170.00 175.00 175.00 169.00 162.00 164.00 169.00 171.00 170.00 169.00 169.00 172.00 181.00 191.00 193.00 190.00 192.00 196.00 198.00 196.00 196.00 192.00 185.00 178.00 175.00 172.00 169.00 161.00
165.00 172.00 181.00 189.00 191.00 196.00 195.00 188.00 182.00 172.00 163.00 160.00 167.00 174.00 178.00 187.00 190.00 181.00 171.00 176.00 188.00 192.00 184.00 179.00 181.00 180.00 178.00 175.00 175.00 180.00 185.00 188.00 183.00 176.00 175.00 177.00 179.00 183.00 183.00 175.00 168.00 169.00 174.00 176.00 172.00 169.00 167.00 166.00 167.00 171.00 176.00 176.00 172.00 163.00 166.00 180.00 186.00 186.00 185.00 185.00 186.00 190.00 195.00 196.00 193.00 192.00 193.00 192.00 187.00 181.00 177.00 172.00 166.00 165.00 164.00 162.00 158.00 155.00
190.00 198.00 204.00 202.00 194.00 193.00 192.00 188.00 184.00 179.00 178.00 179.00 183.00 187.00 190.00 193.00 192.00 184.00 178.00 183.00 187.00 181.00 177.00 179.00 182.00 183.00 182.00 179.00 175.00 176.00 180.00 182.00 176.00 170.00 173.00 176.00 178.00 181.00 178.00 170.00 166.00 169.00 174.00 176.00 175.00 176.00 175.00 175.00 174.00 173.00 171.00 167.00 164.00 166.00 180.00 192.00 192.00 190.00 191.00 192.00 195.00 198.00 198.00 196.00 192.00 188.00 184.00 179.00 175.00 171.00 168.00 166.00 165.00 162.00 158.00 158.00 163.00 172.00
203.00 207.00 206.00 195.00 182.00 181.00 187.00 189.00 191.00 193.00 195.00 194.00 197.00 201.00 201.00 200.00 194.00 182.00 176.00 178.00 175.00 172.00 172.00 172.00 175.00 180.00 184.00 184.00 179.00 178.00 182.00 183.00 176.00 171.00 173.00 175.00 174.00 177.00 176.00 173.00 173.00 175.00 174.00 173.00 176.00 178.00 176.00 173.00 169.00 166.00 167.00 170.00 176.00 185.00 194.00 195.00 190.00 189.00 190.00 191.00 193.00 192.00 188.00 182.00 176.00 171.00 167.00 167.00 170.00 170.00 164.00 164.00 165.00 164.00 168.00 179.00 187.00 192.00
196.00 196.00 192.00 182.00 174.00 177.00 183.00 184.00 186.00 191.00 194.00 196.00 201.00 203.00 197.00 187.00 174.00 164.00 166.00 172.00 173.00 176.00 179.00 178.00 175.00 177.00 181.00 181.00 177.00 177.00 179.00 179.00 173.00 170.00 173.00 174.00 174.00 177.00 178.00 178.00 177.00 177.00 170.00 167.00 171.00 170.00 167.00 165.00 167.00 177.00 189.00 196.00 200.00 202.00 201.00 198.00 197.00 196.00 194.00 190.00 183.00 174.00 167.00 164.00 164.00 166.00 169.00 171.00 172.00 169.00 166.00 173.00 178.00 182.00 191.00 197.00 195.00 191.00
185.00 190.00 191.00 184.00 180.00 184.00 186.00 186.00 186.00 186.00 188.00 193.00 197.00 191.00 177.00 163.00 155.00 160.00 175.00 178.00 175.00 177.00 181.00 178.00 172.00 174.00 176.00 173.00 171.00 174.00 177.00 178.00 173.00 171.00 174.00 177.00 178.00 179.00 179.00 179.00 178.00 176.00 167.00 168.00 177.00 175.00 174.00 179.00 190.00 203.00 209.00 207.00 204.00 201.00 196.00 193.00 193.00 192.00 185.00 175.00 164.00 160.00 166.00 174.00 180.00 184.00 187.00 184.00 181.00 181.00 186.00 194.00 196.00 197.00 198.00 194.00 188.00 187.00
184.00 192.00 193.00 185.00 185.00 189.00 188.00 189.00 190.00 190.00 190.00 192.00 189.00 174.00 160.00 156.00 158.00 170.00 182.00 178.00 169.00 171.00 175.00 173.00 171.00 175.00 176.00 171.00 168.00 172.00 175.00 176.00 175.00 174.00 176.00 177.00 177.00 177.00 177.00 177.00 176.00 174.00 168.00 175.00 190.00 192.00 194.00 201.00 207.00 207.00 200.00 191.00 188.00 185.00 179.00 178.00 181.00 178.00 167.00 157.00 158.00 169.00 185.00 192.00 192.00 192.00 192.00 191.00 193.00 198.00 202.00 200.00 194.00 194.00 192.00 188.00 189.00 192.00
187.00 186.00 182.00 180.00 187.00 194.00 191.00 191.00 194.00 198.00 200.00 199.00 188.00 169.00 161.00 164.00 169.00 176.00 179.00 174.00 169.00 176.00 181.00 175.00 169.00 171.00 173.00 173.00 174.00 173.00 170.00 168.00 168.00 169.00 169.00 168.00 167.00 167.00 168.00 168.00 168.00 168.00 168.00 184.00 197.00 196.00 199.00 203.00 201.00 193.00 183.00 176.00 174.00 171.00 168.00 171.00 174.00 166.00 156.00 160.00 173.00 182.00 191.00 193.00 188.00 189.00 193.00 194.00 194.00 196.00 195.00 189.00 186.00 188.00 189.00 190.00 192.00 193.00
197.00 187.00 185.00 186.00 193.00 197.00 192.00 192.00 197.00 203.00 206.00 202.00 193.00 181.00 176.00 178.00 180.00 179.00 178.00 175.00 171.00 178.00 179.00 167.00 161.00 164.00 168.00 173.00 176.00 172.00 164.00 160.00 161.00 163.00 166.00 169.00 173.00 178.00 178.00 177.00 177.00 179.00 185.00 198.00 203.00 198.00 200.00 199.00 193.00 188.00 183.00 182.00 180.00 177.00 177.00 177.00 171.00 162.00 168.00 183.00 187.00 183.00 189.00 192.00 190.00 193.00 194.00 190.00 187.00 184.00 181.00 180.00 181.00 181.00 181.00 181.00 178.00 176.00
199.00 187.00 192.00 197.00 199.00 196.00 184.00 182.00 189.00 198.00 200.00 192.00 189.00 188.00 183.00 181.00 183.00 181.00 181.00 179.00 175.00 176.00 173.00 165.00 164.00 169.00 169.00 167.00 165.00 163.00 162.00 167.00 172.00 179.00 187.00 194.00 202.00 204.00 198.00 195.00 197.00 200.00 205.00 208.00 204.00 200.00 198.00 191.00 184.00 181.00 180.00 183.00 186.00 186.00 185.00 177.00 166.00 172.00 188.00 192.00 180.00 174.00 188.00 195.00 194.00 194.00 191.00 187.00 184.00 178.00 173.00 172.00 171.00 167.00 166.00 165.00 163.00 165.00
190.00 178.00 184.00 188.00 189.00 181.00 167.00 166.00 177.00 185.00 180.00 168.00 169.00 178.00 178.00 175.00 175.00 174.00 175.00 174.00 170.00 170.00 172.00 170.00 167.00 165.00 162.00 162.00 167.00 173.00 180.00 188.00 194.00 199.00 204.00 206.00 211.00 208.00 197.00 194.00 197.00 199.00 198.00 196.00 192.00 188.00 184.00 176.00 170.00 170.00 175.00 181.00 180.00 176.00 170.00 161.00 164.00 185.00 193.00 180.00 167.00 176.00 194.00 198.00 196.00 193.00 189.00 185.00 178.00 170.00 165.00 164.00 163.00 163.00 167.00 168.00 169.00 173.00
178.00 167.00 168.00 171.00 171.00 164.00 154.00 160.00 174.00 179.00 170.00 154.00 154.00 168.00 174.00 170.00 166.00 164.00 163.00 159.00 156.00 162.00 169.00 166.00 162.00 165.00 172.00 181.00 189.00 193.00 195.00 198.00 199.00 203.00 204.00 202.00 206.00 202.00 189.00 185.00 187.00 185.00 181.00 179.00 177.00 176.00 174.00 168.00 167.00 173.00 178.00 176.00 166.00 156.00 154.00 163.00 182.00 194.00 183.00 168.00 174.00 192.00 201.00 202.00 200.00 194.00 187.00 180.00 170.00 162.00 163.00 167.00 170.00 172.00 175.00 176.00 175.00 173.00
163.00 160.00 164.00 169.00 169.00 163.00 159.00 168.00 179.00 178.00 165.00 151.00 157.00 171.00 171.00 166.00 162.00 159.00 154.00 151.00 161.00 178.00 186.00 184.00 184.00 189.00 194.00 197.00 198.00 196.00 197.00 198.00 201.00 206.00 206.00 201.00 204.00 201.00 185.00 177.00 175.00 175.00 174.00 174.00 177.00 179.00 175.00 170.00 172.00 174.00 171.00 164.00 157.00 160.00 175.00 192.00 197.00 187.00 169.00 172.00 191.00 202.00 205.00 203.00 197.00 187.00 178.00 171.00 162.00 160.00 165.00 172.00 177.00 178.00 175.00 170.00 167.00 164.00
164.00 166.00 170.00 175.00 177.00 176.00 174.00 176.00 176.00 166.00 152.00 145.00 159.00 173.00 170.00 163.00 156.00 145.00 140.00 159.00 187.00 202.00 201.00 200.00 201.00 201.00 197.00 192.00 194.00 199.00 200.00 201.00 205.00 209.00 208.00 198.00 197.00 193.00 179.00 171.00 171.00 172.00 174.00 177.00 181.00 179.00 172.00 168.00 168.00 167.00 166.00 168.00 176.00 190.00 202.00 199.00 185.00 169.00 167.00 185.00 200.00 203.00 203.00 194.00 180.00 168.00 162.00 158.00 156.00 162.00 169.00 172.00 173.00 171.00 165.00 165.00 171.00 175.00
172.00 174.00 177.00 182.00 185.00 186.00 181.00 174.00 167.00 158.00 154.00 155.00 164.00 171.00 170.00 164.00 154.00 138.00 146.00 182.00 205.00 208.00 199.00 195.00 197.00 199.00 191.00 186.00 194.00 201.00 202.00 203.00 206.00 204.00 195.00 181.00 175.00 171.00 166.00 167.00 170.00 173.00 179.00 184.00 186.00 181.00 173.00 166.00 167.00 177.00 186.00 191.00 200.00 207.00 199.00 181.00 168.00 163.00 178.00 196.00 199.00 196.00 186.00 169.00 158.00 154.00 153.00 155.00 158.00 166.00 172.00 168.00 165.00 166.00 168.00 179.00 189.00 192.00
176.00 176.00 175.00 173.00 173.00 172.00 168.00 165.00 170.00 180.00 188.00 187.00 178.00 174.00 171.00 164.00 155.00 149.00 167.00 195.00 204.00 203.00 196.00 193.00 197.00 199.00 190.00 185.00 197.00 203.00 201.00 196.00 189.00 179.00 167.00 156.00 152.00 154.00 156.00 155.00 154.00 163.00 173.00 178.00 180.00 175.00 166.00 168.00 185.00 200.00 202.00 199.00 202.00 198.00 179.00 165.00 161.00 169.00 189.00 198.00 194.00 186.00 170.00 157.00 156.00 159.00 162.00 165.00 163.00 165.00 168.00 162.00 168.00 185.00 192.00 194.00 193.00 190.00
155.00 155.00 155.00 161.00 170.00 175.00 178.00 181.00 189.00 196.00 197.00 191.00 179.00 177.00 178.00 170.00 164.00 165.00 178.00 195.00 199.00 197.00 194.00 192.00 195.00 198.00 193.00 188.00 199.00 203.00 194.00 176.00 162.00 156.00 154.00 154.00 155.00 161.00 160.00 154.00 152.00 159.00 161.00 161.00 164.00 159.00 161.00 184.00 205.00 209.00 200.00 193.00 194.00 183.00 167.00 162.00 164.00 181.00 196.00 195.00 191.00 185.00 175.00 169.00 168.00 167.00 165.00 163.00 163.00 167.00 170.00 168.00 184.00 202.00 201.00 192.00 187.00 185.00
153.00 160.00 174.00 190.00 199.00 199.00 199.00 197.00 193.00 186.00 179.00 174.00 172.00 175.00 182.00 184.00 179.00 175.00 178.00 192.00 198.00 194.00 185.00 179.00 181.00 187.00 188.00 189.00 198.00 198.00 184.00 170.00 163.00 166.00 172.00 177.00 180.00 183.00 183.00 183.00 184.00 182.00 179.00 176.00 172.00 170.00 184.00 205.00 211.00 205.00 193.00 187.00 183.00 170.00 166.00 164.00 170.00 191.00 197.00 193.00 192.00 188.00 179.00 173.00 171.00 167.00 162.00 168.00 182.00 190.00 188.00 186.00 197.00 203.00 195.00 187.00 185.00 186.00
195.00 199.00 207.00 206.00 198.00 189.00 187.00 186.00 181.00 177.00 174.00 172.00 171.00 171.00 177.00 179.00 171.00 171.00 180.00 191.00 193.00 184.00 174.00 172.00 178.00 182.00 183.00 188.00 193.00 187.00 176.00 170.00 173.00 186.00 196.00 198.00 198.00 199.00 199.00 198.00 196.00 193.00 192.00 184.00 175.00 186.00 202.00 209.00 207.00 198.00 186.00 180.00 172.00 166.00 170.00 167.00 175.00 195.00 198.00 195.00 193.00 183.00 170.00 163.00 163.00 165.00 175.00 194.00 205.00 200.00 188.00 190.00 198.00 197.00 190.00 186.00 186.00 186.00
203.00 204.00 200.00 182.00 167.00 163.00 167.00 173.00 176.00 174.00 170.00 170.00 172.00 172.00 171.00 165.00 163.00 183.00 198.00 195.00 187.00 177.00 176.00 186.00 191.00 191.00 190.00 192.00 190.00 177.00 168.00 172.00 183.00 197.00 203.00 201.00 198.00 197.00 197.00 194.00 187.00 183.00 179.00 166.00 166.00 195.00 208.00 206.00 203.00 192.00 179.00 171.00 166.00 169.00 173.00 168.00 179.00 198.00 198.00 194.00 188.00 175.00 163.00 160.00 165.00 177.00 195.00 206.00 204.00 189.00 174.00 180.00 188.00 185.00 182.00 183.00 186.00 187.00
197.00 192.00 179.00 165.00 163.00 168.00 172.00 171.00 170.00 166.00 162.00 167.00 169.00 168.00 167.00 168.00 185.00 209.00 209.00 191.00 182.00 181.00 182.00 187.00 189.00 189.00 188.00 187.00 181.00 166.00 161.00 172.00 186.00 193.00 190.00 181.00 177.00 176.00 177.00 178.00 171.00 167.00 162.00 153.00 170.00 202.00 207.00 201.00 198.00 188.00 174.00 168.00 168.00 171.00 172.00 166.00 182.00 199.00 197.00 193.00 185.00 172.00 164.00 165.00 174.00 192.00 203.00 204.00 192.00 175.00 169.00 181.00 189.00 187.00 187.00 188.00 189.00 186.00
186.00 178.00 171.00 170.00 175.00 184.00 185.00 179.00 174.00 168.00 166.00 168.00 164.00 168.00 178.00 192.00 209.00 214.00 204.00 186.00 179.00 183.00 184.00 182.00 182.00 181.00 179.00 178.00 175.00 164.00 158.00 166.00 173.00 171.00 162.00 153.00 154.00 154.00 157.00 162.00 157.00 152.00 149.00 150.00 176.00 198.00 195.00 191.00 192.00 185.00 173.00 168.00 169.00 170.00 167.00 167.00 188.00 201.00 198.00 193.00 182.00 168.00 163.00 167.00 183.00 200.00 206.00 198.00 180.00 170.00 178.00 191.00 194.00 193.00 190.00 185.00 181.00 174.00
