hydro/data/static_data/land/marche.hillshade.txt
ncols	643
nrows	534
xllcorner	12.041800
yllcorner	42.520600
cellsize	0.003003
NODATA_value	-9999.000000
[rows 175 to 209 of 534, columns 312 to 389 of 643]
178.00 176.00 168.00 162.00 159.00 159.00 166.00 181.00 190.00 188.00 189.00 187.00 185.00 189.00 194.00 198.00 207.00 208.00 193.00 177.00 178.00 177.00 168.00 167.00 168.00 168.00 178.00 186.00 176.00 168.00 173.00 177.00 178.00 180.00 181.00 180.00 176.00 173.00 172.00 168.00 170.00 191.00 209.00 207.00 191.00 177.00 176.00 183.00 189.00 188.00 186.00 187.00 189.00 193.00 188.00 172.00 162.00 173.00 191.00 197.00 195.00 192.00 192.00 197.00 196.00 183.00 169.00 165.00 166.00 174.00 189.00 193.00 189.00 191.00 193.00 194.00 188.00 174.00
172.00 168.00 161.00 158.00 164.00 174.00 183.00 195.00 198.00 195.00 194.00 183.00 180.00 195.00 204.00 204.00 201.00 189.00 173.00 170.00 179.00 179.00 172.00 171.00 173.00 178.00 187.00 186.00 174.00 167.00 171.00 175.00 177.00 177.00 173.00 168.00 163.00 165.00 167.00 171.00 187.00 205.00 205.00 190.00 178.00 174.00 176.00 182.00 186.00 184.00 184.00 190.00 194.00 189.00 175.00 167.00 171.00 181.00 188.00 188.00 188.00 185.00 187.00 191.00 184.00 170.00 163.00 168.00 173.00 179.00 190.00 192.00 189.00 191.00 193.00 187.00 178.00 172.00
159.00 162.00 167.00 175.00 184.00 185.00 189.00 200.00 199.00 191.00 181.00 167.00 177.00 197.00 199.00 191.00 181.00 172.00 169.00 177.00 183.00 178.00 174.00 173.00 175.00 182.00 186.00 182.00 174.00 167.00 171.00 176.00 175.00 168.00 162.00 159.00 160.00 170.00 176.00 185.00 198.00 200.00 186.00 176.00 178.00 178.00 178.00 181.00 184.00 184.00 187.00 191.00 185.00 175.00 174.00 184.00 188.00 184.00 184.00 185.00 181.00 177.00 180.00 181.00 170.00 163.00 169.00 181.00 187.00 184.00 185.00 185.00 183.00 187.00 187.00 175.00 169.00 169.00
163.00 180.00 194.00 198.00 191.00 181.00 190.00 202.00 196.00 182.00 167.00 162.00 183.00 198.00 194.00 182.00 171.00 168.00 171.00 180.00 179.00 175.00 177.00 174.00 172.00 180.00 183.00 180.00 174.00 167.00 170.00 175.00 173.00 167.00 163.00 162.00 173.00 188.00 190.00 193.00 195.00 187.00 180.00 183.00 187.00 183.00 181.00 185.00 189.00 193.00 195.00 189.00 176.00 176.00 189.00 197.00 188.00 177.00 182.00 188.00 186.00 186.00 190.00 182.00 169.00 172.00 185.00 196.00 193.00 186.00 187.00 187.00 185.00 185.00 177.00 164.00 166.00 169.00
193.00 205.00 205.00 193.00 175.00 172.00 192.00 200.00 185.00 167.00 156.00 167.00 193.00 201.00 194.00 181.00 173.00 173.00 176.00 178.00 176.00 177.00 180.00 174.00 171.00 177.00 180.00 178.00 173.00 166.00 168.00 174.00 171.00 166.00 165.00 175.00 192.00 201.00 195.00 191.00 188.00 185.00 188.00 188.00 182.00 178.00 182.00 187.00 191.00 197.00 197.00 185.00 180.00 190.00 198.00 193.00 178.00 173.00 183.00 193.00 196.00 198.00 195.00 182.00 175.00 183.00 192.00 194.00 188.00 184.00 189.00 194.00 196.00 191.00 176.00 167.00 175.00 181.00
208.00 203.00 190.00 172.00 162.00 173.00 195.00 194.00 172.00 155.00 160.00 185.00 204.00 202.00 191.00 180.00 178.00 181.00 181.00 179.00 178.00 179.00 178.00 173.00 170.00 175.00 177.00 174.00 167.00 161.00 166.00 172.00 168.00 169.00 184.00 200.00 207.00 203.00 190.00 182.00 181.00 185.00 186.00 180.00 177.00 181.00 184.00 182.00 183.00 188.00 188.00 184.00 188.00 194.00 194.00 185.00 177.00 180.00 190.00 197.00 198.00 195.00 184.00 171.00 170.00 175.00 182.00 182.00 175.00 174.00 181.00 186.00 188.00 185.00 179.00 178.00 189.00 192.00
194.00 182.00 172.00 161.00 162.00 184.00 198.00 183.00 159.00 160.00 183.00 202.00 201.00 190.00 177.00 173.00 176.00 180.00 181.00 181.00 181.00 180.00 177.00 173.00 172.00 174.00 171.00 166.00 161.00 161.00 168.00 169.00 171.00 188.00 203.00 205.00 201.00 189.00 175.00 172.00 176.00 181.00 180.00 179.00 185.00 186.00 180.00 177.00 179.00 179.00 179.00 182.00 182.00 181.00 182.00 181.00 181.00 185.00 187.00 188.00 188.00 183.00 173.00 165.00 165.00 170.00 178.00 175.00 165.00 167.00 172.00 174.00 177.00 182.00 185.00 185.00 188.00 188.00
177.00 171.00 165.00 159.00 173.00 195.00 194.00 170.00 161.00 182.00 200.00 197.00 184.00 174.00 168.00 168.00 171.00 175.00 179.00 181.00 179.00 178.00 178.00 177.00 175.00 170.00 165.00 169.00 176.00 180.00 179.00 180.00 190.00 200.00 199.00 193.00 188.00 176.00 168.00 173.00 178.00 181.00 181.00 183.00 184.00 178.00 174.00 179.00 178.00 177.00 180.00 179.00 170.00 169.00 179.00 179.00 175.00 174.00 171.00 176.00 179.00 176.00 172.00 169.00 168.00 174.00 177.00 171.00 168.00 178.00 185.00 186.00 187.00 187.00 181.00 177.00 175.00 173.00
169.00 165.00 162.00 168.00 190.00 198.00 182.00 167.00 179.00 198.00 197.00 182.00 171.00 171.00 171.00 172.00 173.00 175.00 177.00 173.00 168.00 170.00 173.00 173.00 169.00 166.00 173.00 188.00 194.00 189.00 186.00 192.00 197.00 194.00 190.00 190.00 186.00 177.00 177.00 182.00 184.00 184.00 184.00 182.00 178.00 173.00 175.00 178.00 177.00 181.00 183.00 176.00 170.00 179.00 189.00 180.00 170.00 167.00 167.00 176.00 178.00 177.00 175.00 169.00 167.00 172.00 178.00 181.00 185.00 193.00 196.00 192.00 184.00 176.00 172.00 175.00 175.00 171.00
158.00 158.00 170.00 189.00 201.00 189.00 171.00 173.00 190.00 192.00 182.00 174.00 173.00 175.00 175.00 176.00 176.00 174.00 171.00 164.00 161.00 166.00 167.00 165.00 169.00 180.00 195.00 200.00 191.00 183.00 185.00 192.00 190.00 186.00 187.00 185.00 181.00 182.00 186.00 188.00 187.00 187.00 184.00 181.00 180.00 181.00 181.00 179.00 180.00 182.00 179.00 176.00 180.00 190.00 193.00 182.00 174.00 174.00 174.00 177.00 179.00 179.00 174.00 167.00 166.00 172.00 185.00 192.00 192.00 195.00 191.00 178.00 167.00 167.00 176.00 183.00 182.00 178.00
160.00 173.00 192.00 202.00 195.00 175.00 169.00 182.00 190.00 180.00 173.00 173.00 174.00 176.00 177.00 177.00 171.00 165.00 164.00 162.00 164.00 167.00 169.00 180.00 195.00 203.00 204.00 192.00 180.00 178.00 183.00 188.00 186.00 184.00 183.00 180.00 182.00 184.00 184.00 184.00 186.00 183.00 179.00 178.00 181.00 185.00 186.00 185.00 184.00 180.00 177.00 181.00 186.00 191.00 189.00 180.00 175.00 176.00 177.00 178.00 180.00 176.00 169.00 168.00 168.00 175.00 186.00 186.00 183.00 185.00 179.00 164.00 162.00 174.00 184.00 185.00 181.00 177.00
186.00 197.00 201.00 192.00 175.00 166.00 174.00 185.00 184.00 175.00 171.00 173.00 173.00 174.00 176.00 175.00 167.00 163.00 172.00 179.00 182.00 184.00 190.00 202.00 206.00 201.00 192.00 181.00 175.00 177.00 181.00 184.00 184.00 183.00 183.00 183.00 183.00 179.00 178.00 181.00 182.00 178.00 176.00 178.00 180.00 184.00 185.00 187.00 186.00 182.00 182.00 185.00 186.00 188.00 183.00 173.00 170.00 169.00 172.00 175.00 177.00 175.00 173.00 175.00 171.00 173.00 179.00 179.00 180.00 181.00 171.00 161.00 170.00 185.00 191.00 185.00 176.00 173.00
201.00 200.00 189.00 174.00 167.00 169.00 180.00 183.00 176.00 172.00 171.00 174.00 178.00 178.00 175.00 170.00 166.00 177.00 192.00 195.00 193.00 193.00 197.00 196.00 188.00 183.00 184.00 180.00 176.00 178.00 180.00 182.00 181.00 181.00 182.00 185.00 185.00 183.00 184.00 184.00 181.00 178.00 179.00 180.00 182.00 187.00 187.00 189.00 186.00 180.00 183.00 190.00 193.00 190.00 179.00 170.00 169.00 170.00 177.00 180.00 181.00 186.00 188.00 185.00 177.00 172.00 176.00 177.00 179.00 176.00 166.00 167.00 183.00 194.00 190.00 176.00 171.00 178.00
200.00 191.00 177.00 171.00 172.00 178.00 186.00 183.00 175.00 174.00 176.00 180.00 184.00 182.00 172.00 166.00 176.00 195.00 202.00 194.00 188.00 187.00 186.00 182.00 178.00 181.00 185.00 179.00 172.00 174.00 181.00 184.00 182.00 180.00 181.00 184.00 184.00 186.00 185.00 180.00 178.00 179.00 178.00 179.00 185.00 191.00 192.00 194.00 186.00 176.00 184.00 195.00 194.00 184.00 174.00 173.00 176.00 182.00 189.00 187.00 186.00 192.00 190.00 182.00 176.00 174.00 179.00 178.00 173.00 168.00 167.00 178.00 189.00 188.00 176.00 166.00 173.00 181.00
192.00 180.00 171.00 170.00 175.00 183.00 189.00 182.00 175.00 178.00 183.00 186.00 187.00 180.00 167.00 171.00 192.00 203.00 199.00 186.00 183.00 187.00 187.00 187.00 185.00 186.00 187.00 178.00 169.00 176.00 185.00 186.00 181.00 180.00 181.00 180.00 179.00 181.00 176.00 174.00 179.00 178.00 175.00 178.00 183.00 190.00 194.00 194.00 186.00 180.00 189.00 198.00 191.00 179.00 179.00 181.00 182.00 189.00 193.00 189.00 186.00 188.00 180.00 171.00 171.00 178.00 186.00 187.00 182.00 174.00 172.00 178.00 176.00 171.00 166.00 167.00 176.00 181.00
180.00 168.00 165.00 170.00 182.00 191.00 188.00 180.00 176.00 181.00 186.00 187.00 183.00 174.00 165.00 176.00 196.00 199.00 191.00 180.00 182.00 190.00 192.00 191.00 188.00 187.00 187.00 179.00 174.00 181.00 184.00 178.00 175.00 181.00 183.00 180.00 180.00 178.00 175.00 179.00 179.00 174.00 175.00 177.00 181.00 190.00 193.00 190.00 185.00 186.00 195.00 199.00 190.00 185.00 187.00 186.00 187.00 193.00 195.00 190.00 182.00 177.00 172.00 170.00 174.00 184.00 192.00 190.00 185.00 181.00 181.00 178.00 170.00 166.00 165.00 169.00 178.00 182.00
171.00 166.00 170.00 182.00 193.00 192.00 184.00 181.00 183.00 186.00 188.00 184.00 176.00 171.00 165.00 176.00 193.00 196.00 190.00 184.00 189.00 198.00 199.00 195.00 189.00 187.00 185.00 177.00 172.00 174.00 173.00 172.00 176.00 185.00 186.00 182.00 181.00 178.00 178.00 180.00 178.00 178.00 183.00 185.00 189.00 192.00 188.00 184.00 183.00 184.00 188.00 187.00 180.00 180.00 186.00 187.00 188.00 189.00 191.00 187.00 178.00 177.00 179.00 178.00 181.00 189.00 190.00 182.00 175.00 179.00 187.00 189.00 186.00 182.00 175.00 173.00 176.00 174.00
163.00 168.00 182.00 194.00 191.00 179.00 176.00 182.00 182.00 181.00 183.00 177.00 170.00 168.00 164.00 176.00 194.00 196.00 190.00 188.00 195.00 202.00 201.00 195.00 188.00 183.00 176.00 169.00 170.00 173.00 175.00 178.00 182.00 186.00 185.00 181.00 181.00 184.00 182.00 182.00 183.00 186.00 189.00 192.00 193.00 187.00 182.00 182.00 178.00 174.00 174.00 171.00 170.00 178.00 186.00 183.00 176.00 174.00 179.00 179.00 174.00 179.00 184.00 185.00 190.00 193.00 187.00 175.00 171.00 182.00 190.00 190.00 192.00 188.00 183.00 183.00 181.00 174.00
165.00 180.00 194.00 193.00 178.00 166.00 171.00 177.00 172.00 170.00 170.00 162.00 158.00 161.00 166.00 183.00 196.00 195.00 191.00 189.00 193.00 196.00 194.00 190.00 184.00 176.00 168.00 172.00 181.00 183.00 185.00 187.00 186.00 187.00 187.00 182.00 183.00 185.00 181.00 183.00 186.00 186.00 188.00 192.00 188.00 178.00 180.00 184.00 176.00 169.00 170.00 168.00 174.00 184.00 186.00 178.00 169.00 169.00 175.00 174.00 172.00 181.00 186.00 187.00 192.00 191.00 184.00 180.00 183.00 192.00 193.00 190.00 190.00 184.00 184.00 190.00 192.00 190.00
176.00 192.00 193.00 179.00 166.00 164.00 170.00 168.00 160.00 160.00 159.00 155.00 163.00 173.00 179.00 189.00 196.00 193.00 190.00 190.00 190.00 190.00 188.00 187.00 182.00 174.00 176.00 183.00 185.00 182.00 188.00 190.00 185.00 190.00 193.00 186.00 182.00 181.00 179.00 183.00 185.00 187.00 192.00 192.00 180.00 171.00 179.00 182.00 174.00 169.00 172.00 177.00 184.00 188.00 184.00 178.00 172.00 172.00 175.00 177.00 181.00 186.00 183.00 181.00 182.00 181.00 182.00 186.00 191.00 196.00 195.00 191.00 186.00 182.00 188.00 193.00 193.00 193.00
176.00 181.00 171.00 159.00 154.00 156.00 160.00 161.00 161.00 164.00 168.00 176.00 187.00 189.00 184.00 190.00 197.00 194.00 192.00 193.00 191.00 191.00 191.00 190.00 183.00 176.00 179.00 178.00 175.00 182.00 192.00 191.00 187.00 195.00 196.00 184.00 178.00 183.00 185.00 186.00 187.00 189.00 194.00 192.00 180.00 174.00 177.00 177.00 171.00 169.00 179.00 187.00 186.00 183.00 181.00 179.00 173.00 169.00 173.00 179.00 183.00 180.00 174.00 175.00 174.00 174.00 181.00 181.00 182.00 186.00 185.00 181.00 177.00 177.00 184.00 187.00 187.00 187.00
163.00 158.00 149.00 146.00 148.00 155.00 167.00 179.00 185.00 188.00 190.00 193.00 191.00 181.00 176.00 190.00 199.00 193.00 192.00 193.00 190.00 187.00 188.00 189.00 184.00 175.00 173.00 171.00 180.00 195.00 200.00 194.00 192.00 199.00 195.00 179.00 180.00 190.00 191.00 190.00 192.00 193.00 196.00 193.00 183.00 177.00 178.00 178.00 174.00 176.00 185.00 183.00 177.00 180.00 184.00 184.00 177.00 173.00 175.00 179.00 180.00 176.00 176.00 180.00 176.00 176.00 182.00 174.00 172.00 177.00 175.00 175.00 174.00 172.00 176.00 179.00 180.00 180.00
155.00 152.00 157.00 164.00 169.00 182.00 194.00 198.00 195.00 191.00 189.00 187.00 181.00 171.00 176.00 194.00 196.00 190.00 190.00 186.00 180.00 179.00 184.00 190.00 189.00 183.00 183.00 187.00 195.00 196.00 187.00 179.00 181.00 191.00 189.00 181.00 186.00 194.00 194.00 193.00 192.00 191.00 192.00 191.00 181.00 174.00 179.00 182.00 179.00 180.00 181.00 176.00 180.00 186.00 186.00 183.00 177.00 177.00 179.00 178.00 178.00 178.00 180.00 181.00 175.00 178.00 183.00 172.00 173.00 181.00 176.00 175.00 175.00 173.00 175.00 177.00 175.00 175.00
163.00 175.00 187.00 190.00 194.00 201.00 198.00 189.00 182.00 180.00 180.00 180.00 175.00 170.00 183.00 196.00 191.00 186.00 183.00 177.00 178.00 184.00 191.00 196.00 191.00 183.00 182.00 184.00 179.00 163.00 155.00 160.00 166.00 173.00 179.00 184.00 189.00 194.00 193.00 188.00 179.00 175.00 183.00 186.00 174.00 168.00 178.00 181.00 177.00 178.00 179.00 183.00 184.00 181.00 180.00 177.00 171.00 176.00 178.00 176.00 178.00 180.00 180.00 179.00 176.00 179.00 180.00 171.00 176.00 183.00 176.00 174.00 174.00 175.00 178.00 177.00 177.00 178.00
186.00 198.00 195.00 192.00 197.00 196.00 184.00 177.00 181.00 184.00 181.00 175.00 169.00 171.00 187.00 196.00 191.00 188.00 185.00 184.00 186.00 192.00 197.00 193.00 179.00 166.00 163.00 157.00 146.00 151.00 174.00 189.00 182.00 174.00 179.00 184.00 183.00 178.00 174.00 167.00 159.00 164.00 182.00 184.00 168.00 166.00 178.00 181.00 175.00 175.00 181.00 183.00 179.00 180.00 185.00 177.00 170.00 176.00 179.00 178.00 180.00 180.00 179.00 180.00 179.00 179.00 177.00 171.00 177.00 178.00 172.00 173.00 175.00 177.00 176.00 173.00 175.00 178.00
206.00 199.00 185.00 186.00 191.00 182.00 172.00 181.00 190.00 186.00 174.00 165.00 170.00 182.00 195.00 199.00 198.00 198.00 196.00 194.00 192.00 194.00 197.00 189.00 178.00 179.00 176.00 162.00 166.00 193.00 207.00 201.00 177.00 167.00 178.00 174.00 158.00 146.00 144.00 147.00 148.00 160.00 174.00 170.00 160.00 172.00 188.00 185.00 176.00 174.00 178.00 176.00 175.00 183.00 185.00 175.00 170.00 178.00 181.00 181.00 180.00 177.00 177.00 180.00 182.00 183.00 182.00 179.00 180.00 179.00 175.00 175.00 174.00 175.00 174.00 172.00 174.00 176.00
206.00 188.00 180.00 187.00 186.00 177.00 178.00 189.00 189.00 176.00 161.00 164.00 184.00 194.00 197.00 201.00 204.00 201.00 196.00 194.00 194.00 195.00 199.00 192.00 189.00 197.00 189.00 173.00 192.00 211.00 200.00 176.00 161.00 164.00 176.00 173.00 160.00 156.00 166.00 173.00 175.00 178.00 177.00 166.00 162.00 178.00 187.00 183.00 181.00 180.00 180.00 174.00 174.00 179.00 179.00 173.00 170.00 178.00 183.00 182.00 179.00 176.00 177.00 179.00 183.00 185.00 184.00 182.00 184.00 184.00 183.00 180.00 178.00 178.00 177.00 176.00 176.00 177.00
201.00 185.00 184.00 191.00 187.00 184.00 187.00 187.00 175.00 159.00 156.00 173.00 192.00 193.00 192.00 199.00 200.00 196.00 191.00 190.00 192.00 196.00 201.00 199.00 196.00 195.00 178.00 166.00 192.00 205.00 187.00 171.00 175.00 176.00 181.00 194.00 196.00 196.00 200.00 202.00 200.00 197.00 192.00 184.00 177.00 180.00 182.00 184.00 185.00 180.00 178.00 174.00 175.00 179.00 173.00 166.00 165.00 177.00 183.00 180.00 177.00 174.00 174.00 176.00 181.00 184.00 179.00 176.00 178.00 179.00 178.00 177.00 179.00 180.00 180.00 180.00 180.00 180.00
198.00 184.00 183.00 184.00 179.00 178.00 177.00 171.00 160.00 159.00 169.00 181.00 191.00 188.00 188.00 191.00 188.00 183.00 178.00 181.00 189.00 195.00 199.00 196.00 186.00 176.00 162.00 164.00 190.00 202.00 188.00 176.00 174.00 169.00 184.00 206.00 208.00 204.00 206.00 205.00 197.00 189.00 184.00 180.00 174.00 178.00 185.00 185.00 177.00 170.00 171.00 173.00 177.00 184.00 182.00 173.00 168.00 177.00 180.00 174.00 173.00 171.00 170.00 172.00 179.00 184.00 179.00 176.00 176.00 175.00 174.00 174.00 176.00 178.00 180.00 180.00 180.00 181.00
183.00 168.00 165.00 164.00 164.00 167.00 169.00 171.00 172.00 180.00 183.00 183.00 191.00 189.00 185.00 184.00 181.00 174.00 172.00 178.00 182.00 185.00 189.00 184.00 171.00 169.00 170.00 178.00 194.00 198.00 184.00 165.00 160.00 170.00 192.00 203.00 199.00 194.00 196.00 190.00 175.00 166.00 162.00 163.00 164.00 171.00 184.00 180.00 168.00 166.00 167.00 170.00 174.00 181.00 185.00 182.00 177.00 179.00 174.00 167.00 171.00 173.00 172.00 173.00 178.00 181.00 177.00 175.00 174.00 173.00 173.00 174.00 175.00 176.00 176.00 176.00 176.00 176.00
162.00 156.00 159.00 166.00 174.00 182.00 186.00 187.00 188.00 186.00 176.00 180.00 197.00 194.00 185.00 186.00 186.00 184.00 183.00 187.00 188.00 190.00 195.00 188.00 180.00 186.00 190.00 192.00 197.00 194.00 177.00 163.00 170.00 183.00 187.00 188.00 183.00 175.00 173.00 163.00 151.00 151.00 154.00 161.00 166.00 168.00 180.00 183.00 175.00 172.00 171.00 171.00 172.00 174.00 176.00 177.00 177.00 181.00 179.00 172.00 174.00 176.00 175.00 176.00 178.00 178.00 175.00 173.00 172.00 172.00 173.00 174.00 175.00 175.00 175.00 174.00 174.00 174.00
161.00 170.00 180.00 189.00 196.00 199.00 195.00 189.00 181.00 170.00 164.00 184.00 203.00 194.00 184.00 187.00 192.00 195.00 194.00 197.00 203.00 207.00 205.00 193.00 182.00 184.00 186.00 186.00 186.00 179.00 165.00 163.00 175.00 173.00 166.00 174.00 171.00 161.00 161.00 152.00 146.00 152.00 159.00 168.00 171.00 168.00 178.00 184.00 178.00 175.00 175.00 173.00 172.00 171.00 171.00 174.00 176.00 180.00 182.00 179.00 178.00 180.00 179.00 176.00 176.00 176.00 176.00 176.00 176.00 176.00 177.00 177.00 176.00 175.00 174.00 172.00 169.00 167.00
182.00 194.00 198.00 197.00 198.00 194.00 182.00 170.00 161.00 157.00 165.00 188.00 200.00 191.00 185.00 189.00 193.00 197.00 199.00 203.00 207.00 202.00 194.00 178.00 162.00 168.00 177.00 170.00 164.00 163.00 158.00 161.00 170.00 161.00 157.00 171.00 168.00 160.00 162.00 154.00 148.00 155.00 161.00 166.00 167.00 165.00 174.00 177.00 170.00 169.00 170.00 167.00 166.00 166.00 168.00 172.00 173.00 171.00 170.00 169.00 171.00 176.00 174.00 169.00 168.00 171.00 172.00 170.00 170.00 171.00 173.00 172.00 171.00 169.00 168.00 167.00 167.00 169.00
198.00 199.00 192.00 183.00 176.00 163.00 151.00 148.00 156.00 170.00 180.00 190.00 199.00 196.00 189.00 190.00 195.00 201.00 205.00 203.00 195.00 180.00 169.00 154.00 145.00 161.00 164.00 148.00 147.00 159.00 161.00 164.00 176.00 171.00 163.00 170.00 168.00 162.00 161.00 154.00 150.00 155.00 159.00 165.00 169.00 172.00 178.00 180.00 176.00 174.00 172.00 172.00 177.00 181.00 178.00 177.00 173.00 170.00 171.00 172.00 175.00 181.00 179.00 174.00 173.00 174.00 173.00 170.00 170.00 172.00 172.00 171.00 171.00 172.00 175.00 179.00 183.00 187.00
185.00 178.00 168.00 160.00 152.00 148.00 153.00 169.00 186.00 193.00 185.00 188.00 200.00 198.00 189.00 188.00 194.00 203.00 204.00 195.00 179.00 169.00 163.00 155.00 155.00 160.00 152.00 143.00 148.00 156.00 152.00 153.00 171.00 175.00 164.00 164.00 167.00 161.00 155.00 152.00 152.00 160.00 173.00 184.00 188.00 189.00 191.00 192.00 189.00 187.00 189.00 192.00 197.00 196.00 191.00 189.00 188.00 185.00 184.00 185.00 190.00 193.00 189.00 187.00 188.00 188.00 187.00 183.00 181.00 186.00 187.00 186.00 186.00 188.00 190.00 191.00 191.00 190.00
