hydro/data/static_data/land/marche.area.txt
ncols   643
nrows   534
xllcorner    12.0418
yllcorner    42.5206
cellsize    0.003003
NODATA_value -9999
[rows 200 to 239 of 534, columns 360 to 449 of 643]
1 3 86 1 7 1 1 1 2 7 1 1 1 1 2 61 12 1 4 6 20 22 25 2 1 11 2 1 17 4 1 2 1 5 3 4 5 1 9 2 32 35 1 2 472 4 1 1 5 11879 11886 11914 11918 1 1 1 1 1 1 1 1 2 2 1 3 1 146 162 1 1 2 1 1 17 2 1 1 33 2 1 1 1 4 2 19 1 1 1 20 14
1 1 2 90 100 2 1 1 1 15 3 1 1 2 3 78 1 1 1 1 1 1 1 27 33 45 3 1 2 22 4 1 1 2 6 1 1 7 24 26 2 1 1 1 2 477 11856 11861 11866 2 3 27 1 1 1 1 1 1 2 6 8 14 17 1 73 74 144 14 13 10 2 1 1 14 1 1 18 3 8 7 2 1 2 1 7 10 2 1 3 3
1 1 1 1 103 107 1 1 2 16 1 1 1 1 1 1 83 1 1 1 1 1 1 1 1 1 47 51 54 59 87 89 2 3 1 7 2 3 6 1 1 1 1 1 11288 11295 82 4 3 1 2 3 23 1 11 8 3 1 1 1 1 1 1 66 1 1 66 2 1 3 2 1 2 11 1 1 13 3 2 1 3 1 1 3 3 3 4 1 2 2
1 1 1 1 1 111 114 116 3 18 1 2 2 1 2 1 86 2 1 2 2 2 2 1 1 1 1 1 1 1 1 1 91 97 99 1 8 1 1 1 1 1 2 11283 3 4 80 1 3 2 1 2 2 19 2 1 2 1 1 1 1 1 43 46 1 1 65 1 1 1 1 1 1 6 1 1 5 5 2 1 1 1 1 1 2 2 2 1 1 1
2 2 1 2 1 1 1 1 122 142 1 3 4 1 1 3 88 2 1 3 1 3 3 3 3 2 2 1 1 1 1 1 1 1 1 100 2 9 1 1 3 11255 11266 13 2 1 2 79 1 1 1 1 1 2 3 1 1 1 1 2 2 37 4 1 1 1 62 1 1 3 2 1 1 2 2 2 2 2 2 1 1 1 1 1 1 1 1 1 1 1
3 3 2 3 1 1 1 1 1 4 149 153 6 1 2 1 94 1 2 4 2 4 4 4 4 3 3 2 2 2 2 2 1 3 1 2 103 10 11236 11239 11248 2 10 11 1 1 1 76 2 1 1 1 1 1 1 1 1 2 4 6 32 1 2 1 1 1 25 34 31 1 1 1 1 1 1 1 1 1 1 1 3 1 1 4 1 1 1 1 3 6
1 4 3 4 2 2 2 1 1 1 1 1 162 3 1 2 95 2 3 5 3 5 5 5 5 4 4 3 3 3 3 3 1 2 5 10965 11071 11222 2 1 8 1 4 5 10 7 4 75 3 2 1 3 1 1 1 1 1 1 2 17 4 2 1 1 2 21 2 1 1 25 13 10 8 3 1 1 1 1 1 2 8 2 8 2 1 1 2 2 16 4
1 5 4 1 7 3 3 2 1 1 1 1 1 167 1 3 96 6 1 6 4 6 6 6 6 1 9 1 7 4 10896 10902 10931 10940 10951 6 2 145 5 1 4 3 3 4 2 2 3 18 53 52 50 41 1 2 6 3 1 1 2 14 1 2 1 2 8 7 2 1 1 5 4 1 2 2 1 1 5 1 1 1 1 21 1 1 1 1 3 24 2 1
9732 9738 5 9757 9770 9780 9784 9791 1 2 9804 9809 9955 10124 10127 10131 10235 10242 2 7 5 7 7 7 7 9 10831 10840 10867 10869 19 2 27 6 10 5 1 4 140 4 3 2 2 3 1 1 2 12 5 1 2 2 38 30 3 2 1 1 5 4 2 1 1 1 4 4 2 1 2 2 2 1 1 1 1 2 8 11 1 1 1 2 26 2 1 1 29 1 1 1
16 3 9745 9750 5 6 3 3 9798 9800 3 140 4 1 1 7 7 12 10262 10270 10280 10765 10774 10777 10786 10806 6 7 19 1 18 1 26 5 5 4 4 3 139 3 2 1 1 1 1 1 1 4 6 4 1 1 7 5 13 4 2 1 2 2 1 1 1 1 2 2 1 1 1 1 1 1 1 1 1 1 1 14 3 1 1 1 2 32 1 1 32 1 1 1
15 2 3 4 4 5 2 2 2 1 2 139 2 1 1 5 6 4 5 1 3 477 1 2 1 19 5 6 13 5 16 1 25 4 4 3 3 2 138 1 1 1 1 1 1 1 1 2 3 2 3 3 3 4 6 2 1 1 1 1 1 2 2 1 1 1 1 1 1 1 1 1 5 1 1 2 2 17 4 1 1 1 1 34 2 34 1 1 2 2
14 1 2 3 3 4 1 1 1 1 1 136 1 1 3 1 5 3 4 1 1 476 1 1 14 4 4 5 12 4 14 1 24 3 3 2 2 1 135 2 1 1 2 5 2 1 1 1 2 1 2 2 2 3 4 1 1 1 1 1 2 3 11 2 1 1 1 2 5 1 1 4 6 1 1 4 1 1 23 1 2 1 2 1 35 38 1 2 3 3
7 2 1 2 2 2 1 2 3 4 133 1 1 2 2 4 2 2 1 1 2 474 1 8 5 3 3 4 11 3 3 10 23 2 2 1 1 2 3 129 53 51 49 40 2 2 1 2 1 1 1 1 1 2 2 1 1 4 1 1 1 2 16 2 1 1 3 2 9 1 1 6 8 1 1 6 1 2 25 2 3 2 3 2 36 39 2 3 4 4
2 2 1 1 1 1 1 1 2 125 2 1 1 1 1 1 1 1 1 1 467 3 1 7 4 2 2 3 10 2 2 9 21 1 1 1 1 1 2 74 1 1 1 2 35 2 4 1 1 1 1 1 1 1 1 1 2 7 3 1 1 1 18 1 1 1 1 5 17 1 1 1 15 2 1 8 2 1 28 3 1 6 4 3 37 40 3 4 5 1
1 1 1 1 1 1 1 1 1 120 2 1 1 2 3 4 1 1 2 2 465 3 1 6 3 1 1 2 9 1 1 8 6 14 2 1 1 2 3 70 4 3 2 1 2 28 18 2 5 3 1 2 2 1 1 1 1 2 14 2 1 1 2 21 1 1 2 1 19 1 1 2 17 1 3 10 3 1 2 32 2 7 5 4 38 41 4 10 1 2
1 1 2 2 2 1 2 2 113 117 1 1 2 4 5 1 5 275 281 456 2 1 2 3 2 2 1 2 2 4 3 4 5 4 7 1 1 3 7 4 54 2 1 1 1 2 3 15 4 2 1 5 2 1 1 3 1 1 18 2 1 1 1 26 1 1 2 3 21 2 2 1 3 18 5 2056 2063 2068 2073 2108 2112 2121 2128 2135 2176 2219 2227 2240 2242 3
2 2 2 5 3 1 103 107 2 2 1 1 1 1 2 8 266 1 3 173 1 1 1 1 1 1 1 1 1 3 2 3 4 3 3 2 1 3 3 14 37 16 4 3 2 1 2 2 3 1 1 9 2 1 1 5 2 1 2 22 1 1 2 28 1 1 2 3 4 22 3 3 2 2016 2039 1 3 3 2 2 1 1 1 2 2 1 3 2 2 2249
3 1 4 89 95 98 2 1 1 1 1 1 1 1 1 254 1 1 2 7 165 140 1 1 1 1 1 1 1 2 1 2 3 2 2 1 2 2 13 17 3 3 8 3 1 1 1 1 1 1 1 2 15 1 1 9 1 1 1 26 1 2 1 31 2 1 2 3 8 23 4 2004 2008 2 3 1 2 2 1 1 1 1 1 1 1 1 1 1 1 1
50 55 76 1 2 2 1 1 1 1 1 3 1 2 249 2 1 1 2 4 23 1 138 135 3 2 6 4 2 1 1 1 2 1 1 1 1 12 12 4 2 2 3 1 1 1 1 1 1 1 1 1 16 2 1 11 2 1 2 28 1 2 4 1 34 2 3 1954 1965 1991 1994 2 3 1 1 1 1 1 1 2 5 7 2 1 1 1 1 1 1 1
3 1 18 2 1 1 1 1 2 194 197 203 208 213 22 10 1 1 1 2 21 1 1 2 129 11 4 3 2 1 1 1 1 1 3 7 11 1 10 3 1 1 1 1 1 1 4 1 2 2 1 2 18 3 1 13 3 2 1 3 30 1888 1897 1901 1939 1943 1945 2 2 2 2 1 1 1 1 1 1 1 1 1 1 2 13 2 1 1 3 282 285 290
1 12 4 1 1 1 1 3 185 4 1 2 3 4 5 16 9 7 1 13 4 3 1 1 114 2 1 1 1 2 2 1 1 1 3 3 2 6 9 1 1 1 1 11 16 17 24 26 3 3 1 2 1800 1808 1814 1831 1837 1840 1 1850 1855 2 2 2 3 1 1 1 1 1 1 1 1 1 1 4 3 1 1 2 1 1 1 16 253 256 262 15 1 3
5 5 2 1 1 2 2 3 180 2 1 1 2 3 4 15 1 6 12 2 1 2 1 42 2 67 24 21 19 8 5 3 1 1 1 2 1 3 2 2 4 7 9 2 1 1 1 1 27 7 1771 1775 2 4 4 3 2 2 1844 3 1 1 1 1 1 1 1 1 2 1 1 2 1 3 1 2 9 1 1 2 4 1 229 233 2 2 4 13 1 1
2 2 1 1 2 3 6 172 2 2 1 1 2 3 9 5 1 4 11 1 1 1 34 6 1 42 1 1 1 7 6 4 2 1 1 1 1 1 1 1 1 1 1 1 1 1 1 2 1753 1758 5 2 1 3 3 2 1 1 1 1 1 1 1 1 1 2 1 4 1 1 1 5 2 4 1 1 13 1 1 192 221 223 2 3 1 1 3 3 9 7
1 1 1 1 1 1 2 165 1 1 1 1 2 4 4 4 3 1 8 1 1 25 7 5 1 11 28 6 5 4 2 1 1 1 2 1 1 1 1 1 1 1 1 1 1 3 1 1717 5 4 2 2 1 2 2 1 1 1 1 1 1 2 2 1 2 6 2 6 1 2 1 1 12 1 1 2 179 182 185 187 24 1 1 1 1 1 1 2 1 1
1 1 2 2 2 2 3 161 1 1 1 1 1 2 3 3 2 1 6 1 5 18 6 4 1 9 1 20 2 1 1 1 1 1 5 1 2 3 1 1 3 2 1 2 2 1707 1711 3 3 1 3 1 1 1 1 1 2 6 1 1 2 36 42 46 49 51 61 68 71 3 1 116 135 139 144 161 1 2 1 1 4 19 16 4 3 2 1 1 1 1
2 2 2 3 3 6 82 74 73 2 1 1 1 1 2 2 1 2 3 3 13 4 5 3 5 3 1 5 11 5 3 1 2 4 15 17 22 5 1 2 1 4 7 1692 1698 2 3 2 1 1 1 1 1 1 1 1 2 10 13 14 29 1 3 2 2 1 1 1 1 111 113 2 3 2 3 4 12 1 1 1 2 2 2 9 7 3 1 1 2 1
9 13 17 21 25 53 74 1 2 67 2 2 1 1 1 1 1 2 2 8 4 3 4 2 4 2 2 2 2 3 1 1 1 1 3 2 1 31 34 37 1 2 3 1683 1 2 1 2 1 1 1 1 2 1 3 1 1 1 2 6 5 2 2 1 1 1 1 1 18 17 1 1 2 1 2 3 10 7 3 1 1 1 1 1 2 1 1 1 5 9
1 1 1 1 27 2 2 16 1 1 62 2 2 1 1 1 1 1 4 3 3 2 3 1 3 1 1 1 1 1 1 1 1 1 1 1 1 1 1 1 39 1 1 1679 3 1 1 1 1 2 2 1 4 1 5 3 1 1 1 2 2 2 1 1 1 2 7 11 16 3 13 10 5 1 1 2 2 2 1 1 1 1 1 2 1 1 1 1 1 1
2 4 6 9 25 1 1 3 12 1 1 55 9 7 4 2 1 1 2 2 2 1 2 2 1 2 3 1 1 1 2 5 1 1 1 1 1 1 1 1 1663 1667 1669 1673 1 1 1 1 1 4 3 1 7 2 12 2 1 1 1 1 1 1 1 1 1 3 2 2 2 2 2 2 2 4 1 1 1 1 1 1 1 2 8 2 1 1 2 1 1 1
1 1 2 2 6 7 1 1 10 1 2 39 2 1 1 1 1 1 1 1 1 1 1 1 4 7 13 16 1 1 1 8 1 1 2 3 2 1 2 2 1621 2 1 2 1 1 2 1 2 6 5 1 1 24 1 1 1 2 3 1 1 1 2 2 1 1 1 1 1 1 1 1 1 1 1 1 1 1 3 2 1 13 1 1 1 1 6 2 1 4
1 1 1 1 4 4 2 7 2 1 3 1 34 1 1 2 5 2 1 1 1 1 1 2 2 2 2 21 24 1 1 2 10 1 2 1575 1579 1583 1608 1613 5 1 1 1 1 2 3 2 1 14 1 1 1 27 1 1 1 8 1 1 1 2 4 5 1 1 1 1 1 1 1 1 2 1 1 2 1 2 3 9 17 2 1 1 1 2 9 1 1 2
25 1 1 1 2 3 1 6 1 2 4 11 4 17 14 9 2 1 1 2 2 2 1 1 1 1 2 2 29 1 1 1 13 1 1565 2 1 2 22 4 2 1 1 2 3 11 25 29 31 48 1 1 2 28 1 1 13 2 1 1 4 1 16 4 3 1 1 3 3 2 8 5 2 1 1 3 7 1 1 27 2 1 1 1 3 18 2 1 1 1
1 22 2 1 1 2 3 2 1 3 5 1 3 1 1 1 1 1 1 4 5 2 1 1 1 1 1 1 1 32 1 2 17 1553 1558 4 1 1 21 2 1 1 2 4 6 6 2 1 1 1 62 66 67 100 1 15 1 1 1 1 1 24 2 1 1 1 1 1 8 15 4 3 2 1 1 2 4 14 16 47 1 2 1 1 2 21 1 1 1 2
1 2 15 2 1 1 2 1 2 2 2 1 1 1 1 1 1 2 1 6 8 1 2 2 2 1 1 1 1 1 33 1525 1529 6 3 1 3 1 18 1 1 1 1 1 3 2 1 2 7 9 2 2 1 2 105 124 2 2 1 1 2 32 5 4 2 1 1 2 9 20 4 3 2 1 1 1 1 1 2 4 55 2 1 1 1 23 1 2 2 1
1 1 2 10 2 1 1 1 1 1 1 1 34 38 40 43 55 59 62 72 87 89 3 3 3 2 1 2 2 1482 1487 3 3 4 1 2 2 1 2 14 1 1 1 1 1 1 1 2 2 1 1 1 1 1 2 3 130 4 1 1 37 1 1 1 1 1 3 5 17 23 2 1 1 1 1 3 1 1 1 1 59 2 1 1 2 25 2 1 3 1439
3 2 1 2 5 1 1 1 1 1 2 29 3 2 1 3 7 1 1 3 6 3 97 102 107 110 112 113 1474 3 4 2 2 1 2 1 1 1 1 9 2 1 2 1 1 1 1 1 1 3 5 6 1 1 1 1 2 138 141 40 1 1 1 5 2 1 1 2 44 1 1 2 1 2 1 1 6 1 1 1 1 62 2 1 4 1418 1423 1428 1430 2
2 1 1 1 2 1 1 2 17 21 23 2 2 1 2 2 3 1 2 2 3 2 1 1 1 1 1 1 1356 2 2 3 1 1 1 1 3 5 7 8 1 2 3 2 3 1 1 1 1 1 2 4 13 1 1 1 1 1 2 184 2 1 8 1 1 1 1 1 2 49 8 7 3 1 1 2 9 2 1 2 2 64 1331 1335 1339 49 2 3 1 1
7 5 2 1 1 2 7 11 2 2 1 1 1 1 1 1 1 1 1 1 1 1 1 1 1 1323 1325 1332 1354 1 1 1 2 1 1 1 1 1 1 1 1 2 8 6 2 1 1 3 1 1 1 1 1 17 1 1 1 1 2 4 192 9 1 2 1 2 2 1 1 3 61 1 1 2 2 1 1 12 1 2 1257 1262 1264 2 3 48 1 1 1 1
1 1 2 1 1 1 3 2 1 1 1 14 16 18 1 1 1 1 1 1 1 1 1 3 1320 1 3 2 13 7 5 3 1 1 1 2 1 1 2 4 7 1 1 17 2 1 8 6 1 1 1 1 2 20 23 2 1 1 1 2 205 5 3 3 1 1 6 1 1 1 64 67 2 3 3 1 2 14 1 1247 1252 2 1 1 2 47 17 15 14 12
1 1 1 1 1 1 1 1 4 10 12 1 1 1 22 24 27 31 34 36 2 1 2 1 1315 1 2 1 1 11 1 1 1 1 4 3 2 1 1 2 5 14 16 37 40 2 9 1 1 2 2 1 1 1 26 2 1 1 1 1 2 214 4 1 1 1 9 1 1 1 1 1 68 6 4 1 1219 1236 1239 5 3 1 1 1 2 26 1 1 1 1
