hydro/data/static_data/land/marche.roughness.txt
ncols	643
nrows	534
xllcorner	12.041800
yllcorner	42.520600
cellsize	0.003003
NODATA_value	-9999.000000
[rows 90 to 119 of 534, columns 201 to 267 of 643]
153.00 -9999.00 -9999.00 -9999.00 157.40 140.30 120.20 117.60 113.60 156.90 126.80 -9999.00 -9999.00 -9999.00 -9999.00 -9999.00 -9999.00 -9999.00 -9999.00 93.50 67.40 62.70 80.70 81.70 82.00 82.00 82.80 62.60 63.40 58.10 47.00 50.50 50.50 55.70 58.00 67.00 73.10 73.10 72.10 64.50 58.60 56.40 53.20 50.40 51.50 51.50 54.90 50.80 68.30 91.60 91.60 91.60 94.60 91.20 84.40 54.90 56.50 58.80 58.10 58.40 58.40 80.60 69.50 43.30 39.70 49.60 49.60
136.80 170.70 158.00 155.20 150.70 106.10 108.80 85.00 96.10 142.20 102.80 124.50 -9999.00 -9999.00 -9999.00 -9999.00 -9999.00 -9999.00 97.10 78.60 129.70 123.10 108.60 85.60 60.00 63.20 63.20 63.20 57.90 53.60 53.90 52.70 50.40 49.80 49.50 26.20 34.00 49.00 49.00 49.50 47.20 47.20 46.10 43.00 46.30 63.60 90.00 121.80 142.80 142.80 137.70 129.60 111.20 88.50 67.60 46.20 41.20 45.30 44.20 65.90 73.00 74.20 67.80 45.80 38.10 38.10 39.20
90.30 108.40 98.30 81.40 87.40 106.10 108.80 81.50 115.30 147.70 92.50 126.80 132.70 -9999.00 -9999.00 -9999.00 -9999.00 -9999.00 105.20 131.70 156.50 123.10 88.20 60.40 47.90 56.10 51.50 47.00 47.10 47.10 48.70 48.80 50.60 50.60 50.60 30.30 16.70 19.60 51.50 66.40 66.40 66.40 64.00 64.40 77.30 92.30 116.00 136.90 151.80 138.50 155.50 140.60 116.00 87.80 85.10 80.00 45.90 60.60 70.80 74.90 56.60 56.60 55.40 48.80 31.40 34.70 42.20
64.60 50.80 41.60 63.40 103.00 137.40 132.90 92.90 123.90 179.20 122.40 118.70 94.50 74.40 125.20 164.00 158.80 142.10 145.40 178.00 156.80 114.80 54.20 57.50 54.50 62.70 61.40 60.90 60.70 61.00 62.60 62.60 61.90 59.30 57.40 38.50 55.60 55.60 55.60 58.80 43.10 64.80 89.60 103.20 108.10 108.10 101.00 97.90 108.50 79.30 146.80 145.90 95.50 97.00 83.10 95.70 56.00 80.30 101.00 87.40 56.80 50.30 56.60 54.10 31.10 40.60 54.00
70.90 86.00 107.70 119.50 98.30 120.50 114.60 78.00 118.10 175.70 118.70 123.40 110.90 131.30 152.00 169.30 116.40 90.60 98.40 126.00 109.90 57.80 51.30 38.40 16.70 36.70 49.60 49.40 49.40 44.50 31.30 20.30 20.30 49.80 58.20 56.90 73.50 73.50 64.40 46.30 81.40 87.00 109.40 120.00 124.60 119.50 110.10 95.50 105.20 78.30 146.60 155.20 94.10 113.10 81.80 102.40 88.40 100.70 81.20 58.00 58.90 50.30 56.60 53.50 33.60 43.10 56.50
73.90 73.90 78.90 101.00 90.70 69.00 92.90 92.90 112.10 175.70 131.50 144.80 149.30 147.50 183.40 172.40 122.00 84.00 76.40 74.60 60.20 59.00 65.00 28.80 15.80 14.80 16.10 16.50 14.80 13.80 20.00 21.10 23.00 59.30 56.00 63.80 85.00 68.00 68.00 53.30 81.40 99.80 95.30 89.80 93.30 111.60 129.40 134.10 119.50 94.40 116.90 128.30 104.00 130.50 103.50 130.40 113.00 138.30 120.40 87.10 97.10 83.10 65.10 69.20 54.50 45.20 78.70
109.80 109.80 80.70 104.20 136.80 110.40 105.20 83.80 90.40 153.90 137.20 135.10 135.10 149.50 117.90 89.60 68.90 51.70 51.00 58.30 75.00 81.80 67.40 40.00 30.60 23.70 22.20 21.90 29.10 37.30 37.30 38.40 55.00 63.80 55.40 67.80 84.40 36.80 82.90 82.90 82.90 99.80 114.10 115.30 86.80 71.20 87.30 106.30 105.70 86.80 107.80 99.00 74.70 101.20 86.80 95.50 101.20 103.00 74.10 81.10 107.70 109.00 77.50 58.60 65.30 75.40 59.30
73.10 104.70 78.80 101.90 125.00 123.90 126.90 91.00 135.60 162.00 127.00 74.00 60.20 64.40 65.00 71.40 82.50 95.00 114.80 119.50 119.50 122.30 91.50 65.60 57.20 53.10 53.90 55.10 52.50 52.50 52.50 46.80 77.20 63.80 59.30 72.00 90.80 27.60 53.50 98.60 98.60 98.60 103.00 109.30 121.50 96.10 92.30 73.70 56.70 69.60 103.80 115.20 115.20 109.10 84.40 104.60 104.60 104.60 54.40 54.40 67.30 72.00 83.60 75.80 95.40 75.40 57.00
56.30 101.00 119.10 119.10 119.10 100.50 134.00 138.10 154.50 154.50 113.70 81.40 28.60 30.70 89.10 121.50 125.70 104.10 95.10 95.10 89.50 89.30 88.10 84.50 86.00 91.20 92.80 92.80 78.50 71.80 73.60 84.60 77.20 72.60 104.60 104.60 99.80 37.30 31.60 53.50 111.10 111.10 111.10 82.90 105.30 110.10 121.10 126.50 108.50 90.60 98.40 116.30 117.60 117.60 99.90 61.40 57.80 95.70 80.30 80.30 80.30 72.00 83.60 102.70 84.30 62.80 88.50
56.30 58.60 74.20 118.00 118.00 97.10 95.40 95.50 111.80 104.40 47.60 37.90 60.40 94.50 113.10 161.50 129.10 97.50 87.20 74.80 72.40 69.50 107.60 97.60 114.20 114.20 114.20 100.00 101.00 115.50 110.60 90.40 66.50 98.70 137.10 127.70 87.50 63.40 56.80 56.80 53.80 120.50 120.50 120.50 85.80 89.40 83.40 78.80 80.40 106.20 103.40 102.00 139.90 139.90 109.30 63.50 76.80 95.70 92.30 130.50 130.50 130.50 121.70 121.40 84.30 72.70 103.30
72.00 72.00 77.80 57.60 103.70 97.10 92.70 50.00 48.70 49.20 46.00 58.50 107.60 133.80 133.80 130.80 110.90 113.00 118.00 118.00 123.40 116.30 103.80 105.10 100.10 100.10 102.30 141.40 152.10 131.80 95.40 75.80 75.80 98.70 142.00 94.40 85.80 85.80 81.60 81.60 74.50 66.00 86.30 86.30 51.20 86.80 88.40 74.80 74.00 114.40 125.80 108.90 84.10 84.10 101.90 119.60 103.80 109.30 120.80 112.10 103.40 98.80 114.70 121.40 81.50 107.50 107.50
40.00 68.30 71.00 71.00 66.50 70.60 99.70 65.80 51.00 55.10 46.00 72.70 119.80 155.70 130.80 100.70 85.40 95.90 131.60 145.70 161.40 161.40 144.60 116.50 105.10 119.60 141.20 180.20 153.80 107.70 130.10 152.90 152.90 152.30 141.40 145.00 106.90 106.90 104.50 104.50 104.50 72.50 47.70 83.60 53.40 79.30 92.50 107.90 111.60 114.40 104.30 81.40 62.20 76.30 76.50 113.90 116.00 122.50 126.30 138.80 138.30 138.30 154.20 159.00 95.70 109.40 96.80
100.10 73.50 54.10 77.80 96.80 84.40 94.00 80.90 63.30 55.80 45.70 72.40 119.00 105.80 91.20 96.80 114.20 100.00 106.00 81.60 121.60 144.70 144.70 144.70 151.50 143.70 184.50 167.40 112.50 110.30 159.80 191.70 163.20 163.20 129.20 153.70 106.90 110.60 110.60 109.60 105.70 71.10 71.10 100.20 85.70 127.40 107.40 75.80 60.70 79.30 113.30 130.50 117.40 110.40 101.70 100.10 83.40 101.40 82.30 72.20 90.70 104.40 127.50 176.70 136.10 106.50 84.40
117.30 106.50 78.30 74.70 108.40 90.10 78.60 58.50 43.40 52.40 87.10 124.60 135.70 91.00 89.30 63.10 73.00 77.20 106.00 104.30 99.00 113.00 92.10 117.40 151.50 152.10 151.20 119.40 91.70 128.50 179.90 160.70 154.50 154.80 109.40 153.70 148.00 77.50 54.50 77.50 96.20 92.90 92.90 113.30 97.00 146.90 118.50 94.00 65.70 73.30 92.50 122.80 126.30 131.70 156.20 162.10 169.70 170.00 146.50 121.40 120.90 113.70 87.30 166.40 125.80 96.20 84.40
73.60 72.20 69.20 74.70 108.40 60.70 31.40 49.80 59.00 81.30 108.40 153.60 158.80 105.70 89.30 63.10 82.10 86.30 114.10 139.30 155.70 169.70 137.30 141.80 192.60 194.50 151.20 102.60 127.90 152.90 171.50 129.10 113.00 179.80 161.10 153.70 148.00 120.10 84.10 63.40 73.10 73.10 97.50 102.30 81.30 126.70 89.20 54.70 75.50 86.90 64.90 67.60 71.10 76.50 95.10 98.60 105.30 109.70 106.60 98.10 119.60 141.50 149.20 150.00 109.40 91.50 98.00
106.50 74.30 81.60 75.20 108.40 60.70 33.30 65.60 71.50 73.50 108.30 107.40 87.90 50.40 56.60 73.60 100.70 101.50 128.10 128.80 130.40 170.60 177.70 177.70 232.60 194.60 150.30 183.90 198.10 195.60 161.20 148.30 114.40 197.20 137.50 85.90 97.20 124.10 113.50 104.60 106.50 106.50 137.80 102.50 80.20 123.60 76.50 70.40 92.30 86.90 94.50 130.00 133.50 138.90 129.40 130.30 117.30 116.90 123.80 116.90 73.80 96.70 104.40 105.20 63.70 123.90 139.90
66.30 80.40 116.30 98.70 80.90 58.20 54.80 77.40 86.10 101.90 126.80 111.40 85.90 54.60 63.60 61.50 68.90 76.10 91.30 109.80 116.20 126.60 144.20 163.10 189.60 170.60 103.30 168.10 177.50 134.00 155.60 140.80 92.10 150.90 144.90 141.20 141.20 124.10 124.30 144.30 132.40 112.20 173.40 131.30 122.10 141.10 101.00 59.30 76.20 78.30 108.10 108.10 94.60 120.40 85.80 96.40 92.00 112.20 126.40 116.90 118.20 161.90 169.60 169.60 146.20 120.10 110.30
74.40 68.30 107.20 103.60 68.50 50.40 77.30 86.80 78.10 90.80 125.80 126.20 93.00 101.50 103.30 65.90 80.70 121.30 125.60 144.10 122.10 127.50 128.70 126.40 117.60 91.00 108.20 168.10 128.10 129.80 146.40 114.10 120.70 172.90 134.60 113.70 121.90 136.40 120.80 99.10 82.00 85.80 143.50 145.40 156.30 156.30 115.20 83.70 111.80 104.20 100.60 100.60 99.30 96.80 70.40 125.60 133.50 119.70 126.40 123.70 169.60 197.80 159.80 198.20 166.00 111.40 110.30
84.40 76.40 89.80 65.90 52.30 83.80 116.40 124.50 90.00 101.00 102.40 90.70 55.60 55.00 85.70 77.60 72.80 99.40 125.60 144.10 149.70 156.70 145.60 126.40 117.60 61.20 116.20 123.30 107.80 129.80 146.40 101.20 104.30 131.80 93.50 72.60 107.20 107.20 107.20 99.10 102.00 101.40 92.90 82.00 86.00 86.00 96.50 87.50 79.10 70.20 88.60 130.60 144.30 142.10 152.50 164.00 123.10 71.40 89.60 143.80 205.70 171.20 115.20 185.10 133.60 78.70 110.30
108.50 103.10 90.20 53.40 52.80 88.40 111.30 128.00 125.70 116.20 102.40 86.00 75.10 75.10 85.70 60.20 55.40 82.00 64.30 64.30 61.40 77.60 95.20 135.80 114.20 61.40 112.80 114.40 105.90 154.60 175.40 154.60 143.30 155.70 117.40 114.60 95.20 61.20 111.20 98.20 114.80 106.30 106.30 82.00 47.80 86.40 111.30 124.80 128.70 124.80 130.20 141.10 125.70 79.50 112.10 127.40 101.20 124.50 124.50 139.10 145.80 102.30 92.20 137.80 112.90 110.60 110.60
93.10 93.50 64.10 42.00 76.60 109.40 94.50 104.00 86.20 63.60 80.70 92.40 103.00 103.00 96.30 65.10 60.30 69.50 90.90 102.30 102.30 99.80 115.60 133.90 110.00 61.40 112.80 127.10 141.10 158.40 165.10 156.60 164.40 164.40 132.30 145.20 109.50 142.70 142.70 124.20 112.10 106.30 106.30 89.20 63.40 106.90 133.20 140.40 108.40 76.70 67.70 77.10 107.40 108.00 152.70 167.10 90.00 120.70 133.30 123.70 116.40 70.60 100.20 137.80 81.80 93.30 119.80
68.80 63.20 44.80 77.10 106.40 143.10 134.00 126.70 87.30 61.10 76.30 74.20 92.10 92.20 92.20 87.00 55.20 51.00 70.60 87.30 102.20 124.00 140.60 120.00 91.00 75.50 100.40 97.50 102.40 118.50 149.00 148.60 136.60 136.60 137.50 190.10 190.30 190.30 190.30 172.70 112.10 106.30 99.20 106.40 101.60 140.70 167.00 192.80 191.40 150.60 133.50 127.00 129.40 129.40 172.60 152.10 76.10 100.60 96.20 79.20 80.90 61.30 94.30 101.20 76.90 142.20 142.90
39.80 43.50 79.20 112.40 103.90 119.10 137.10 131.40 99.40 90.10 105.20 91.90 75.10 77.50 75.50 96.60 89.20 84.30 82.50 104.40 126.30 126.30 132.50 98.00 113.70 152.00 187.50 171.10 149.70 120.20 115.20 111.20 99.20 99.20 123.20 162.40 162.40 162.40 137.50 172.70 126.60 117.90 117.90 153.50 142.30 135.60 118.70 154.60 177.80 165.20 151.10 132.50 119.70 109.50 125.40 152.10 104.50 104.50 96.20 79.20 85.50 66.90 109.50 131.80 115.00 137.60 158.50
89.20 97.80 95.60 111.30 100.00 102.50 105.40 95.80 57.30 75.00 84.70 91.90 119.20 97.70 83.40 87.20 93.40 105.40 109.50 109.50 82.40 65.00 56.30 73.60 109.40 159.80 165.10 184.40 187.00 187.00 181.40 113.20 155.80 159.70 159.70 151.40 107.60 69.70 120.90 181.80 182.10 166.20 134.10 174.20 175.30 147.30 126.00 80.70 119.30 141.60 154.00 141.30 112.50 109.50 118.00 140.10 138.40 115.90 81.90 79.20 94.40 110.20 138.50 154.70 154.70 125.70 135.00
115.50 113.40 113.40 121.80 88.50 69.20 96.70 97.80 99.90 134.60 154.10 148.40 126.40 97.70 97.10 97.30 102.00 100.80 74.50 85.70 96.60 96.60 102.80 113.50 127.00 129.40 94.00 83.70 78.00 148.30 173.20 97.80 161.40 138.70 158.40 168.80 146.40 146.40 145.60 115.90 106.80 90.90 87.80 97.10 113.10 113.10 126.00 73.00 71.00 77.30 90.10 125.40 119.70 158.80 190.10 198.20 163.70 102.20 92.80 98.70 125.90 130.30 84.60 109.60 99.70 79.90 121.70
75.20 67.90 67.90 69.00 100.20 75.50 55.20 96.30 142.60 148.10 137.40 106.40 111.30 89.20 123.90 124.10 128.80 121.30 81.10 115.90 115.90 109.70 77.60 88.30 102.40 86.40 89.80 91.10 71.20 110.30 161.10 104.30 149.30 118.70 62.40 121.00 124.60 164.60 170.30 170.30 159.50 123.30 113.30 115.80 113.10 107.30 99.00 108.10 125.00 113.70 70.60 145.70 184.90 184.90 184.90 203.30 152.40 124.50 106.40 111.60 124.80 119.00 74.10 99.20 127.30 118.70 125.00
63.10 58.30 58.30 68.00 94.90 56.40 49.10 99.80 93.20 89.20 99.00 101.00 110.90 110.70 123.80 65.80 71.30 122.10 83.50 107.30 75.80 93.00 99.70 83.40 97.50 106.50 94.50 122.70 105.80 82.80 155.20 138.60 143.40 135.20 78.20 103.10 131.40 136.10 145.60 176.50 138.10 99.60 105.20 129.80 119.70 104.30 113.30 113.30 118.90 118.50 84.60 130.00 130.00 130.00 129.30 179.10 194.60 194.60 164.60 127.30 80.60 73.90 63.30 99.20 127.30 122.20 74.30
98.10 100.00 77.50 87.60 94.90 56.40 77.80 122.50 93.20 90.00 130.70 130.70 119.90 102.30 83.70 51.00 64.60 91.30 51.60 74.60 47.00 88.40 103.20 103.20 97.50 99.50 68.70 92.00 97.00 83.90 157.80 157.80 118.60 129.80 97.30 91.40 99.90 124.90 121.30 176.20 168.30 125.70 114.60 101.80 79.70 105.10 105.80 110.30 175.90 187.70 167.90 155.50 108.40 108.40 104.80 106.30 124.40 153.60 136.10 128.40 109.50 117.80 117.80 117.80 100.90 139.60 83.60
120.10 154.30 125.70 110.40 98.40 54.70 104.70 122.50 91.80 99.40 133.30 79.60 75.50 73.90 58.50 58.50 54.40 74.00 41.30 53.10 47.00 44.70 105.40 105.90 60.50 94.40 88.80 78.60 92.50 83.90 112.60 148.10 141.50 132.30 98.00 103.30 109.60 104.40 102.00 150.30 166.60 125.70 114.90 103.40 67.80 119.00 138.30 142.10 176.00 201.20 224.50 187.80 189.60 189.60 186.00 126.00 111.10 111.10 93.60 96.00 127.90 151.10 97.60 110.00 178.60 172.10 116.10
146.80 176.60 153.80 153.50 124.30 91.70 134.40 94.00 105.70 144.00 146.40 90.20 92.20 106.00 77.40 77.40 75.40 67.50 44.80 44.80 61.40 60.20 81.90 121.40 90.30 94.40 108.80 128.60 130.40 119.10 92.00 106.50 99.90 90.70 98.00 103.30 109.60 104.40 70.10 77.60 103.70 62.80 52.00 66.00 46.20 119.00 138.30 120.50 92.70 133.70 180.00 132.50 132.50 137.60 207.80 162.30 175.50 175.50 158.00 127.90 169.00 176.40 97.00 79.70 135.40 145.60 100.40
