hydro/data/static_data/land/marche.roughness.txt
ncols	643
nrows	534
xllcorner	12.041800
yllcorner	42.520600
cellsize	0.003003
NODATA_value	-9999.000000
[rows 210 to 239 of 534, columns 335 to 401 of 643]
74.00 99.70 131.90 126.10 110.10 113.20 110.60 109.40 121.90 150.10 150.10 150.10 134.70 95.40 122.30 123.70 102.50 90.40 95.00 117.20 117.20 117.20 108.00 107.60 105.40 100.70 118.20 118.60 118.60 113.70 127.80 153.00 159.60 159.60 120.00 93.10 62.80 62.80 62.80 59.70 62.00 59.50 59.50 56.40 60.80 60.80 55.10 51.60 48.60 47.80 43.00 43.00 39.50 24.50 17.00 10.60 10.00 9.10 9.20 9.60 11.50 11.50 10.40 11.00 22.40 43.80 47.40
67.70 99.70 131.90 130.30 137.00 151.80 158.20 159.00 148.30 133.40 138.70 138.70 138.70 96.40 97.20 83.20 63.70 100.50 132.90 175.60 171.10 160.50 153.20 153.20 153.30 111.90 149.80 149.80 149.80 131.40 114.70 114.90 133.30 115.30 96.50 73.60 59.70 59.70 49.80 27.90 20.10 19.70 20.10 21.50 49.90 49.20 44.00 40.00 12.30 14.00 12.60 12.20 12.50 11.20 11.00 10.30 10.60 15.10 23.90 36.80 47.50 47.50 47.50 31.60 20.00 37.70 29.20
72.60 66.60 74.60 72.00 69.60 69.60 90.50 133.20 148.30 133.50 111.10 69.70 69.70 82.20 65.80 46.70 96.30 133.60 168.60 193.50 174.40 164.20 164.20 174.80 151.80 118.90 148.70 146.00 144.40 144.40 134.80 114.80 97.60 130.30 100.80 78.70 87.20 87.20 65.20 46.40 26.80 15.80 12.90 10.20 38.90 39.90 39.60 39.60 13.50 13.80 13.70 13.30 12.70 11.90 15.50 15.50 15.50 20.50 33.30 45.90 54.60 54.30 56.00 34.20 29.90 45.20 35.80
134.30 134.30 79.10 117.00 114.60 114.60 100.50 153.00 173.10 161.80 130.80 77.10 49.50 49.50 53.70 84.00 112.10 103.20 115.40 137.70 152.40 131.40 122.60 145.80 172.40 172.40 151.60 104.60 89.60 97.80 90.30 77.20 101.90 134.40 100.80 105.30 105.30 83.50 72.50 45.70 31.50 19.10 14.60 29.70 38.90 36.60 44.20 46.80 21.60 30.90 33.90 35.00 35.20 28.50 32.00 32.00 32.00 16.80 26.70 44.60 42.80 36.30 56.30 32.80 22.80 41.10 35.80
143.40 157.50 127.60 93.90 120.10 152.10 165.00 232.20 220.40 170.70 106.60 69.80 74.40 90.30 109.80 125.30 128.90 101.40 82.80 97.90 111.50 99.90 89.60 130.90 156.80 156.80 132.50 74.70 64.50 75.60 102.40 119.50 141.80 134.40 87.90 99.00 93.80 51.60 53.30 36.10 50.20 49.20 41.30 37.70 38.90 43.90 49.90 45.60 31.20 43.70 51.20 52.00 53.10 40.90 40.90 40.10 32.20 32.20 32.00 39.50 28.70 29.20 52.20 30.30 20.30 38.80 33.40
125.60 151.90 151.90 123.80 105.60 128.10 165.50 185.90 165.30 114.20 71.90 129.90 167.90 188.10 186.80 178.10 138.40 111.20 108.30 117.30 120.70 99.90 50.70 53.50 73.90 109.40 126.00 113.80 126.80 147.30 172.20 161.50 137.70 127.10 126.70 126.70 84.20 69.60 59.20 77.90 62.40 49.20 41.30 35.10 52.50 60.10 65.00 46.10 31.50 36.10 45.10 47.50 54.90 57.10 57.10 54.60 53.40 54.40 54.40 61.50 49.30 48.60 54.60 41.60 27.10 23.00 33.30
119.60 107.30 140.10 142.50 161.50 146.60 112.00 111.70 98.80 48.50 107.50 156.60 189.10 170.30 145.50 143.00 128.20 137.50 159.30 150.20 125.60 99.90 131.20 142.40 161.60 179.90 178.40 157.80 129.00 111.70 117.30 119.50 130.00 131.10 131.10 119.20 56.00 69.60 92.20 93.20 59.10 61.10 63.50 64.80 50.00 57.60 44.10 25.90 23.20 23.90 30.90 32.50 56.40 59.70 70.70 73.10 73.80 77.10 78.50 86.40 85.00 87.70 77.00 57.40 45.20 28.90 33.30
155.20 136.20 141.20 157.00 161.10 144.10 85.80 72.40 98.90 98.90 103.90 135.00 117.40 75.10 52.00 49.40 60.60 105.90 105.90 99.30 82.40 89.60 129.50 130.30 131.40 141.70 132.80 119.60 88.60 87.70 117.30 132.70 132.70 123.80 107.00 80.00 71.10 95.50 115.80 93.20 80.70 80.70 80.70 57.40 25.30 22.50 17.80 19.40 22.70 29.90 39.20 34.60 41.30 35.70 70.90 80.00 80.00 80.10 73.20 75.70 75.70 89.40 91.40 73.20 61.90 53.50 59.20
150.30 169.40 135.40 70.30 48.80 46.40 85.20 140.20 187.70 202.90 194.80 174.40 159.80 123.30 83.90 71.70 72.10 86.00 59.10 71.90 82.40 76.50 108.40 116.90 92.50 102.80 108.70 107.70 142.90 145.60 145.60 145.10 106.10 136.40 144.30 143.50 138.80 127.80 115.80 93.20 75.10 82.20 53.70 50.60 34.30 21.70 24.20 21.50 21.50 27.00 32.00 41.10 42.60 39.30 66.30 54.00 44.10 41.40 41.40 37.80 36.80 67.30 69.70 74.40 80.40 92.20 97.50
209.60 185.10 137.00 70.30 40.90 40.90 82.90 136.10 160.20 140.90 154.50 164.30 164.30 123.30 105.50 93.30 96.40 86.00 54.30 71.90 98.20 113.70 153.60 162.10 155.20 157.90 133.20 107.50 136.70 108.40 98.00 123.30 147.40 138.50 123.90 95.90 98.40 77.30 80.20 68.30 69.90 48.20 36.00 46.50 46.50 31.80 29.50 30.40 30.40 16.20 20.90 24.80 26.80 42.30 66.30 62.50 63.10 39.70 40.10 48.10 25.60 41.00 47.60 49.40 52.60 59.00 64.30
160.50 119.70 79.60 95.30 94.30 94.30 73.90 118.50 159.20 140.10 110.60 68.00 42.70 46.40 41.50 41.40 55.90 67.80 62.60 80.20 91.20 119.40 116.40 116.40 111.20 106.90 94.90 81.40 87.40 53.30 103.50 151.40 146.70 96.40 111.10 126.90 132.40 140.70 120.90 107.60 96.70 44.10 32.30 41.40 45.50 44.60 38.00 29.40 26.90 9.80 20.90 24.80 31.70 50.70 76.60 79.70 77.10 59.90 53.20 65.60 52.00 51.40 46.60 37.90 20.90 18.10 21.70
89.30 122.10 148.00 161.20 151.60 151.60 135.00 118.50 153.10 170.70 191.10 162.20 120.90 79.80 65.00 65.00 84.80 71.80 84.90 84.90 73.60 92.40 55.60 63.20 99.80 119.10 107.80 92.50 87.20 78.00 137.20 169.30 130.90 125.60 143.80 140.00 116.20 112.00 91.10 74.20 63.50 63.50 63.50 41.90 55.80 55.80 55.80 30.80 25.80 17.60 19.80 27.60 31.60 36.30 54.60 78.30 83.10 80.80 55.30 69.90 67.40 77.50 79.10 60.70 55.20 50.10 48.40
144.50 170.30 179.30 160.40 149.70 185.50 170.30 152.70 116.10 145.20 170.40 168.40 184.10 165.90 117.00 100.30 105.40 86.80 79.00 80.90 80.90 80.70 59.90 69.50 109.50 123.90 108.20 86.70 69.90 78.00 143.30 141.00 90.80 148.30 171.50 117.80 103.50 91.90 56.80 54.70 56.50 67.40 57.30 50.20 43.40 53.10 52.00 32.20 29.40 28.50 28.50 27.10 31.60 31.10 48.80 75.20 92.00 80.80 39.10 39.10 35.60 49.30 64.00 59.50 66.00 73.30 73.30
208.40 205.40 150.70 115.30 92.80 131.30 164.90 174.30 145.60 95.10 80.00 122.90 165.00 154.80 146.00 126.40 105.40 86.80 72.20 84.30 87.10 87.10 69.80 56.70 79.60 88.70 87.00 105.40 111.60 104.10 136.60 129.40 85.60 148.30 130.90 72.10 86.60 103.50 96.50 65.10 61.40 78.60 88.30 82.80 54.00 62.00 50.70 40.70 35.10 38.10 37.80 26.10 30.30 47.00 64.50 79.00 92.00 80.80 62.60 62.60 53.40 47.80 45.50 33.40 35.50 37.80 49.60
217.50 182.40 119.30 93.50 69.60 87.00 104.10 138.00 121.10 132.10 132.10 132.10 113.60 112.80 158.20 177.10 153.40 140.80 116.60 90.00 77.00 87.70 87.70 81.00 96.80 139.30 138.30 135.60 137.10 128.40 146.10 119.80 76.00 138.70 149.90 97.60 91.10 110.00 115.30 109.10 88.70 90.30 106.90 84.90 75.60 77.40 53.30 55.80 48.30 58.00 51.40 40.10 40.10 47.00 69.60 90.50 77.80 42.80 58.00 60.10 62.20 62.20 62.10 51.90 41.70 64.10 102.90
187.70 188.20 79.80 71.00 75.90 86.60 104.30 98.70 124.20 128.90 143.30 164.70 143.30 102.50 146.70 174.60 135.10 130.00 129.30 112.20 100.70 73.80 61.10 114.50 130.20 163.80 152.60 130.60 103.60 105.70 104.40 91.20 69.30 129.10 147.70 139.00 111.60 77.80 107.30 109.40 109.40 110.70 123.80 91.70 87.90 75.60 79.30 84.00 76.30 88.10 70.40 69.20 68.30 86.90 93.00 94.70 58.60 50.50 63.00 52.90 41.10 42.60 58.50 59.70 59.70 56.60 69.90
164.20 196.70 123.10 56.30 77.30 114.40 104.30 121.80 141.20 141.20 108.90 142.00 160.50 128.60 94.90 121.30 95.20 101.70 110.90 110.30 106.70 95.20 67.00 114.50 130.20 122.00 98.90 75.70 55.30 75.50 78.90 71.20 92.10 87.60 103.80 121.30 122.60 104.90 84.20 59.20 70.00 92.00 110.40 110.50 94.00 98.50 106.00 111.40 107.10 113.90 95.60 107.80 104.50 116.90 110.80 94.70 53.50 54.70 69.90 72.00 65.60 60.50 54.90 38.50 48.10 55.50 67.30
133.50 200.70 132.00 41.40 86.20 114.40 118.80 149.90 154.50 137.80 109.30 113.10 154.70 137.20 80.20 111.70 111.60 107.70 81.50 79.40 104.90 104.10 84.70 101.40 116.40 125.10 109.40 88.10 61.50 90.10 110.10 110.10 101.10 87.60 87.60 95.10 100.40 125.70 124.20 94.80 72.50 67.10 102.60 128.30 123.50 108.60 108.60 113.00 115.20 99.80 77.30 73.10 88.70 92.70 82.60 57.50 39.30 43.50 40.60 52.10 50.70 61.10 68.00 64.10 87.00 73.40 66.20
138.20 224.80 146.50 47.40 100.70 132.60 137.20 162.70 150.50 104.70 99.60 88.30 121.10 137.20 80.20 111.70 112.30 145.30 132.60 109.70 109.60 116.70 88.40 65.20 87.20 93.20 122.20 122.90 110.90 91.20 90.30 90.30 90.30 61.00 67.40 67.40 61.10 88.90 97.10 92.00 72.50 50.10 92.60 127.40 131.70 131.70 128.40 114.50 98.30 66.30 39.70 26.10 38.60 42.60 26.00 52.30 46.80 51.50 50.70 77.40 63.20 67.80 103.70 96.20 87.00 73.40 60.60
179.30 242.90 154.10 67.00 97.40 97.10 101.70 101.70 84.00 104.70 123.60 150.60 144.10 127.90 97.40 97.40 98.60 131.60 113.90 130.90 141.70 148.30 140.00 113.90 89.70 80.80 119.00 150.50 152.10 118.80 87.60 68.60 68.60 62.50 67.90 89.50 67.00 67.10 83.00 66.20 55.90 71.40 76.20 73.80 79.90 79.90 81.60 103.20 99.60 77.80 59.80 56.30 46.70 50.70 50.70 52.30 46.90 51.90 86.30 125.90 118.30 122.00 123.00 101.50 85.50 64.00 99.30
184.10 251.70 147.40 77.90 88.50 87.20 87.20 79.80 77.90 109.60 132.00 169.90 141.80 108.40 124.00 131.10 106.40 106.40 75.30 94.10 113.80 126.40 125.40 93.00 58.00 52.30 83.40 118.30 151.50 145.60 108.60 93.90 98.60 78.90 78.90 86.40 61.20 49.60 83.00 74.90 81.80 79.50 76.20 60.60 54.80 54.80 54.80 84.00 104.00 122.90 101.50 67.00 43.70 40.80 40.80 42.40 65.30 71.50 108.50 111.50 87.80 68.30 69.30 55.20 66.00 96.50 102.90
184.10 205.90 126.20 87.70 90.70 90.70 80.80 68.80 100.60 118.00 135.50 136.20 101.30 122.70 139.40 111.80 105.90 105.90 105.90 101.10 82.70 65.70 124.10 98.50 58.60 52.30 62.30 87.60 125.70 148.30 148.30 132.70 114.50 97.20 92.80 101.40 85.10 84.10 81.80 75.10 74.20 66.30 68.30 86.20 94.40 94.40 92.60 72.50 83.90 97.00 102.30 101.60 83.50 61.90 47.10 83.30 111.40 89.40 84.90 87.40 70.90 74.60 75.60 74.00 91.90 109.70 108.10
155.50 162.90 146.00 88.60 73.00 73.00 95.60 133.50 149.40 141.40 157.20 131.30 94.50 135.80 108.30 86.60 84.60 82.00 107.00 114.30 94.30 73.20 124.10 158.90 93.50 84.80 78.40 72.10 92.70 126.10 135.50 161.60 153.60 147.30 138.60 128.80 120.30 101.80 86.40 85.20 75.00 66.30 59.90 81.10 81.10 84.40 98.70 75.50 75.50 86.30 85.70 77.00 85.10 73.40 62.00 87.60 100.90 85.00 53.10 72.20 77.40 72.50 51.20 53.40 82.80 92.60 59.40
132.20 156.70 146.00 97.60 83.30 134.20 145.20 149.10 162.70 187.30 156.00 112.70 101.70 149.20 97.60 94.60 99.60 85.20 90.70 96.40 102.40 76.10 119.00 158.90 134.00 78.50 78.50 77.60 77.60 78.20 117.50 139.80 154.40 176.40 175.30 129.30 111.00 64.90 59.30 75.90 80.80 100.70 106.70 116.90 109.90 116.30 138.10 137.80 132.40 123.70 105.20 88.50 116.50 120.60 84.50 58.70 64.30 61.10 98.00 101.80 101.80 74.90 40.90 40.90 42.90 49.80 27.30
133.50 125.40 146.00 140.10 158.80 181.40 182.60 169.90 155.30 151.50 107.20 77.60 115.50 150.40 116.60 102.00 110.10 80.50 96.70 87.70 99.20 87.60 78.60 158.90 152.80 100.50 74.50 74.50 77.60 78.20 63.60 63.00 96.90 137.20 137.30 132.50 92.60 63.10 59.30 75.90 80.80 74.80 80.80 83.50 75.30 90.00 91.50 104.20 116.90 132.00 133.40 145.40 151.20 118.50 84.50 68.00 95.70 116.40 126.70 123.50 87.70 62.20 69.00 67.70 46.70 40.90 29.50
96.20 92.20 155.20 164.60 175.90 185.30 170.90 137.60 116.60 135.90 93.90 68.70 115.50 118.60 118.40 111.50 103.40 74.40 102.10 98.00 89.70 104.30 90.20 124.50 152.80 116.60 90.10 83.10 92.60 101.60 63.60 72.10 107.20 129.10 137.30 132.50 100.30 119.00 130.60 147.20 128.00 100.60 89.80 100.00 96.70 81.20 74.90 87.60 99.20 92.60 68.10 80.10 101.30 84.40 78.90 97.20 125.60 140.70 125.00 103.80 71.50 59.60 48.10 59.90 38.90 36.60 57.80
86.70 62.30 95.00 115.80 115.70 113.20 96.70 95.50 89.80 109.50 67.60 67.90 114.10 92.70 107.90 113.10 87.60 54.60 87.60 78.50 71.60 90.00 95.80 79.60 129.30 116.60 98.50 94.90 93.80 93.80 75.80 75.50 88.50 105.30 120.10 163.20 163.20 163.20 150.00 150.90 153.20 117.00 91.20 81.70 84.50 84.20 98.80 111.50 104.20 94.10 78.40 80.10 65.00 64.60 91.00 102.70 68.50 82.60 80.00 59.30 54.10 59.40 45.80 48.90 35.60 41.70 58.70
103.00 67.80 100.50 78.50 51.80 47.60 42.40 79.00 56.80 55.40 56.10 67.00 107.90 91.10 107.90 116.10 106.90 111.90 111.90 81.50 47.30 48.30 69.40 84.00 128.10 124.30 98.50 97.80 63.90 58.40 90.90 97.50 89.50 110.80 135.00 115.20 103.50 80.10 78.30 100.30 99.60 85.90 57.60 57.60 63.20 57.60 60.60 108.80 119.80 102.90 78.40 80.10 65.00 75.60 94.90 78.70 53.90 53.40 40.70 29.50 54.10 59.40 54.10 68.70 63.40 47.80 58.70
158.90 129.80 162.50 144.00 100.60 87.30 77.90 105.60 56.80 70.00 88.00 64.50 103.90 77.40 78.40 106.70 133.30 145.30 145.30 117.50 71.60 45.90 44.90 69.10 123.20 136.30 139.90 120.10 77.30 61.50 108.50 133.00 120.00 100.10 54.40 44.50 46.90 52.50 58.90 65.80 84.30 97.50 81.40 80.90 71.60 66.00 85.30 125.60 119.80 84.80 77.50 103.40 106.50 106.50 106.50 58.40 41.20 38.20 75.60 89.40 89.40 74.60 47.50 68.70 64.10 62.20 48.90
165.10 139.70 170.00 167.50 132.00 94.80 102.90 105.60 56.80 71.10 83.80 58.90 98.30 116.50 121.40 122.70 116.00 110.90 102.00 90.10 53.20 37.70 32.10 56.30 110.20 113.00 104.60 87.80 77.60 77.70 66.30 72.00 59.00 63.70 62.10 83.70 97.80 79.30 84.20 90.80 118.50 130.60 96.40 92.10 120.80 130.00 140.90 126.40 97.20 60.80 95.20 106.40 108.30 108.30 100.10 47.60 37.30 34.90 64.80 91.20 91.90 84.00 79.80 68.70 65.70 61.90 50.30
