hydro/data/static_data/land/marche.lon.txt
ncols	643
nrows	534
xllcorner	12.041800
yllcorner	42.520600
cellsize	0.003003
NODATA_value	-9999.000000
[rows 145 to 173 of 534, columns 201 to 267 of 643]
12.6469 12.6499 12.6529 12.6559 12.6589 12.6619 12.6649 12.6679 12.6709 12.6739 12.6769 12.6799 12.6829 12.6859 12.6889 12.6919 12.6950 12.6980 12.7010 12.7040 12.7070 12.7100 12.7130 12.7160 12.7190 12.7220 12.7250 12.7280 12.7310 12.7340 12.7370 12.7400 12.7430 12.7460 12.7490 12.7520 12.7550 12.7580 12.7610 12.7640 12.7670 12.7700 12.7730 12.7760 12.7790 12.7820 12.7850 12.7880 12.7910 12.7941 12.7971 12.8001 12.8031 12.8061 12.8091 12.8121 12.8151 12.8181 12.8211 12.8241 12.8271 12.8301 12.8331 12.8361 12.8391 12.8421 12.8451
12.6469 12.6499 12.6529 12.6559 12.6589 12.6619 12.6649 12.6679 12.6709 12.6739 12.6769 12.6799 12.6829 12.6859 12.6889 12.6919 12.6950 12.6980 12.7010 12.7040 12.7070 12.7100 12.7130 12.7160 12.7190 12.7220 12.7250 12.7280 12.7310 12.7340 12.7370 12.7400 12.7430 12.7460 12.7490 12.7520 12.7550 12.7580 12.7610 12.7640 12.7670 12.7700 12.7730 12.7760 12.7790 12.7820 12.7850 12.7880 12.7910 12.7941 12.7971 12.8001 12.8031 12.8061 12.8091 12.8121 12.8151 12.8181 12.8211 12.8241 12.8271 12.8301 12.8331 12.8361 12.8391 12.8421 12.8451
12.6469 12.6499 12.6529 12.6559 12.6589 12.6619 12.6649 12.6679 12.6709 12.6739 12.6769 12.6799 12.6829 12.6859 12.6889 12.6919 12.6950 12.6980 12.7010 12.7040 12.7070 12.7100 12.7130 12.7160 12.7190 12.7220 12.7250 12.7280 12.7310 12.7340 12.7370 12.7400 12.7430 12.7460 12.7490 12.7520 12.7550 12.7580 12.7610 12.7640 12.7670 12.7700 12.7730 12.7760 12.7790 12.7820 12.7850 12.7880 12.7910 12.7941 12.7971 12.8001 12.8031 12.8061 12.8091 12.8121 12.8151 12.8181 12.8211 12.8241 12.8271 12.8301 12.8331 12.8361 12.8391 12.8421 12.8451
12.6469 12.6499 12.6529 12.6559 12.6589 12.6619 12.6649 12.6679 12.6709 12.6739 12.6769 12.6799 12.6829 12.6859 12.6889 12.6919 12.6950 12.6980 12.7010 12.7040 12.7070 12.7100 12.7130 12.7160 12.7190 12.7220 12.7250 12.7280 12.7310 12.7340 12.7370 12.7400 12.7430 12.7460 12.7490 12.7520 12.7550 12.7580 12.7610 12.7640 12.7670 12.7700 12.7730 12.7760 12.7790 12.7820 12.7850 12.7880 12.7910 12.7941 12.7971 12.8001 12.8031 12.8061 12.8091 12.8121 12.8151 12.8181 12.8211 12.8241 12.8271 12.8301 12.8331 12.8361 12.8391 12.8421 12.8451
12.6469 12.6499 12.6529 12.6559 12.6589 12.6619 12.6649 12.6679 12.6709 12.6739 12.6769 12.6799 12.6829 12.6859 12.6889 12.6919 12.6950 12.6980 12.7010 12.7040 12.7070 12.7100 12.7130 12.7160 12.7190 12.7220 12.7250 12.7280 12.7310 12.7340 12.7370 12.7400 12.7430 12.7460 12.7490 12.7520 12.7550 12.7580 12.7610 12.7640 12.7670 12.7700 12.7730 12.7760 12.7790 12.7820 12.7850 12.7880 12.7910 12.7941 12.7971 12.8001 12.8031 12.8061 12.8091 12.8121 12.8151 12.8181 12.8211 12.8241 12.8271 12.8301 12.8331 12.8361 12.8391 12.8421 12.8451
12.6469 12.6499 12.6529 12.6559 12.6589 12.6619 12.6649 12.6679 12.6709 12.6739 12.6769 12.6799 12.6829 12.6859 12.6889 12.6919 12.6950 12.6980 12.7010 12.7040 12.7070 12.7100 12.7130 12.7160 12.7190 12.7220 12.7250 12.7280 12.7310 12.7340 12.7370 12.7400 12.7430 12.7460 12.7490 12.7520 12.7550 12.7580 12.7610 12.7640 12.7670 12.7700 12.7730 12.7760 12.7790 12.7820 12.7850 12.7880 12.7910 12.7941 12.7971 12.8001 12.8031 12.8061 12.8091 12.8121 12.8151 12.8181 12.8211 12.8241 12.8271 12.8301 12.8331 12.8361 12.8391 12.8421 12.8451
12.6469 12.6499 12.6529 12.6559 12.6589 12.6619 12.6649 12.6679 12.6709 12.6739 12.6769 12.6799 12.6829 12.6859 12.6889 12.6919 12.6950 12.6980 12.7010 12.7040 12.7070 12.7100 12.7130 12.7160 12.7190 12.7220 12.7250 12.7280 12.7310 12.7340 12.7370 12.7400 12.7430 12.7460 12.7490 12.7520 12.7550 12.7580 12.7610 12.7640 12.7670 12.7700 12.7730 12.7760 12.7790 12.7820 12.7850 12.7880 12.7910 12.7941 12.7971 12.8001 12.8031 12.8061 12.8091 12.8121 12.8151 12.8181 12.8211 12.8241 12.8271 12.8301 12.8331 12.8361 12.8391 12.8421 12.8451
12.6469 12.6499 12.6529 12.6559 12.6589 12.6619 12.6649 12.6679 12.6709 12.6739 12.6769 12.6799 12.6829 12.6859 12.6889 12.6919 12.6950 12.6980 12.7010 12.7040 12.7070 12.7100 12.7130 12.7160 12.7190 12.7220 12.7250 12.7280 12.7310 12.7340 12.7370 12.7400 12.7430 12.7460 12.7490 12.7520 12.7550 12.7580 12.7610 12.7640 12.7670 12.7700 12.7730 12.7760 12.7790 12.7820 12.7850 12.7880 12.7910 12.7941 12.7971 12.8001 12.8031 12.8061 12.8091 12.8121 12.8151 12.8181 12.8211 12.8241 12.8271 12.8301 12.8331 12.8361 12.8391 12.8421 12.8451
12.6469 12.6499 12.6529 12.6559 12.6589 12.6619 12.6649 12.6679 12.6709 12.6739 12.6769 12.6799 12.6829 12.6859 12.6889 12.6919 12.6950 12.6980 12.7010 12.7040 12.7070 12.7100 12.7130 12.7160 12.7190 12.7220 12.7250 12.7280 12.7310 12.7340 12.7370 12.7400 12.7430 12.7460 12.7490 12.7520 12.7550 12.7580 12.7610 12.7640 12.7670 12.7700 12.7730 12.7760 12.7790 12.7820 12.7850 12.7880 12.7910 12.7941 12.7971 12.8001 12.8031 12.8061 12.8091 12.8121 12.8151 12.8181 12.8211 12.8241 12.8271 12.8301 12.8331 12.8361 12.8391 12.8421 12.8451
12.6469 12.6499 12.6529 12.6559 12.6589 12.6619 12.6649 12.6679 12.6709 12.6739 12.6769 12.6799 12.6829 12.6859 12.6889 12.6919 12.6950 12.6980 12.7010 12.7040 12.7070 12.7100 12.7130 12.7160 12.7190 12.7220 12.7250 12.7280 12.7310 12.7340 12.7370 12.7400 12.7430 12.7460 12.7490 12.7520 12.7550 12.7580 12.7610 12.7640 12.7670 12.7700 12.7730 12.7760 12.7790 12.7820 12.7850 12.7880 12.7910 12.7941 12.7971 12.8001 12.8031 12.8061 12.8091 12.8121 12.8151 12.8181 12.8211 12.8241 12.8271 12.8301 12.8331 12.8361 12.8391 12.8421 12.8451
12.6469 12.6499 12.6529 12.6559 12.6589 12.6619 12.6649 12.6679 12.6709 12.6739 12.6769 12.6799 12.6829 12.6859 12.6889 12.6919 12.6950 12.6980 12.7010 12.7040 12.7070 12.7100 12.7130 12.7160 12.7190 12.7220 12.7250 12.7280 12.7310 12.7340 12.7370 12.7400 12.7430 12.7460 12.7490 12.7520 12.7550 12.7580 12.7610 12.7640 12.7670 12.7700 12.7730 12.7760 12.7790 12.7820 12.7850 12.7880 12.7910 12.7941 12.7971 12.8001 12.8031 12.8061 12.8091 12.8121 12.8151 12.8181 12.8211 12.8241 12.8271 12.8301 12.8331 12.8361 12.8391 12.8421 12.8451
12.6469 12.6499 12.6529 12.6559 12.6589 12.6619 12.6649 12.6679 12.6709 12.6739 12.6769 12.6799 12.6829 12.6859 12.6889 12.6919 12.6950 12.6980 12.7010 12.7040 12.7070 12.7100 12.7130 12.7160 12.7190 12.7220 12.7250 12.7280 12.7310 12.7340 12.7370 12.7400 12.7430 12.7460 12.7490 12.7520 12.7550 12.7580 12.7610 12.7640 12.7670 12.7700 12.7730 12.7760 12.7790 12.7820 12.7850 12.7880 12.7910 12.7941 12.7971 12.8001 12.8031 12.8061 12.8091 12.8121 12.8151 12.8181 12.8211 12.8241 12.8271 12.8301 12.8331 12.8361 12.8391 12.8421 12.8451
12.6469 12.6499 12.6529 12.6559 12.6589 12.6619 12.6649 12.6679 12.6709 12.6739 12.6769 12.6799 12.6829 12.6859 12.6889 12.6919 12.6950 12.6980 12.7010 12.7040 12.7070 12.7100 12.7130 12.7160 12.7190 12.7220 12.7250 12.7280 12.7310 12.7340 12.7370 12.7400 12.7430 12.7460 12.7490 12.7520 12.7550 12.7580 12.7610 12.7640 12.7670 12.7700 12.7730 12.7760 12.7790 12.7820 12.7850 12.7880 12.7910 12.7941 12.7971 12.8001 12.8031 12.8061 12.8091 12.8121 12.8151 12.8181 12.8211 12.8241 12.8271 12.8301 12.8331 12.8361 12.8391 12.8421 12.8451
12.6469 12.6499 12.6529 12.6559 12.6589 12.6619 12.6649 12.6679 12.6709 12.6739 12.6769 12.6799 12.6829 12.6859 12.6889 12.6919 12.6950 12.6980 12.7010 12.7040 12.7070 12.7100 12.7130 12.7160 12.7190 12.7220 12.7250 12.7280 12.7310 12.7340 12.7370 12.7400 12.7430 12.7460 12.7490 12.7520 12.7550 12.7580 12.7610 12.7640 12.7670 12.7700 12.7730 12.7760 12.7790 12.7820 12.7850 12.7880 12.7910 12.7941 12.7971 12.8001 12.8031 12.8061 12.8091 12.8121 12.8151 12.8181 12.8211 12.8241 12.8271 12.8301 12.8331 12.8361 12.8391 12.8421 12.8451
12.6469 12.6499 12.6529 12.6559 12.6589 12.6619 12.6649 12.6679 12.6709 12.6739 12.6769 12.6799 12.6829 12.6859 12.6889 12.6919 12.6950 12.6980 12.7010 12.7040 12.7070 12.7100 12.7130 12.7160 12.7190 12.7220 12.7250 12.7280 12.7310 12.7340 12.7370 12.7400 12.7430 12.7460 12.7490 12.7520 12.7550 12.7580 12.7610 12.7640 12.7670 12.7700 12.7730 12.7760 12.7790 12.7820 12.7850 12.7880 12.7910 12.7941 12.7971 12.8001 12.8031 12.8061 12.8091 12.8121 12.8151 12.8181 12.8211 12.8241 12.8271 12.8301 12.8331 12.8361 12.8391 12.8421 12.8451
12.6469 12.6499 12.6529 12.6559 12.6589 12.6619 12.6649 12.6679 12.6709 12.6739 12.6769 12.6799 12.6829 12.6859 12.6889 12.6919 12.6950 12.6980 12.7010 12.7040 12.7070 12.7100 12.7130 12.7160 12.7190 12.7220 12.7250 12.7280 12.7310 12.7340 12.7370 12.7400 12.7430 12.7460 12.7490 12.7520 12.7550 12.7580 12.7610 12.7640 12.7670 12.7700 12.7730 12.7760 12.7790 12.7820 12.7850 12.7880 12.7910 12.7941 12.7971 12.8001 12.8031 12.8061 12.8091 12.8121 12.8151 12.8181 12.8211 12.8241 12.8271 12.8301 12.8331 12.8361 12.8391 12.8421 12.8451
12.6469 12.6499 12.6529 12.6559 12.6589 12.6619 12.6649 12.6679 12.6709 12.6739 12.6769 12.6799 12.6829 12.6859 12.6889 12.6919 12.6950 12.6980 12.7010 12.7040 12.7070 12.7100 12.7130 12.7160 12.7190 12.7220 12.7250 12.7280 12.7310 12.7340 12.7370 12.7400 12.7430 12.7460 12.7490 12.7520 12.7550 12.7580 12.7610 12.7640 12.7670 12.7700 12.7730 12.7760 12.7790 12.7820 12.7850 12.7880 12.7910 12.7941 12.7971 12.8001 12.8031 12.8061 12.8091 12.8121 12.8151 12.8181 12.8211 12.8241 12.8271 12.8301 12.8331 12.8361 12.8391 12.8421 12.8451
12.6469 12.6499 12.6529 12.6559 12.6589 12.6619 12.6649 12.6679 12.6709 12.6739 12.6769 12.6799 12.6829 12.6859 12.6889 12.6919 12.6950 12.6980 12.7010 12.7040 12.7070 12.7100 12.7130 12.7160 12.7190 12.7220 12.7250 12.7280 12.7310 12.7340 12.7370 12.7400 12.7430 12.7460 12.7490 12.7520 12.7550 12.7580 12.7610 12.7640 12.7670 12.7700 12.7730 12.7760 12.7790 12.7820 12.7850 12.7880 12.7910 12.7941 12.7971 12.8001 12.8031 12.8061 12.8091 12.8121 12.8151 12.8181 12.8211 12.8241 12.8271 12.8301 12.8331 12.8361 12.8391 12.8421 12.8451
12.6469 12.6499 12.6529 12.6559 12.6589 12.6619 12.6649 12.6679 12.6709 12.6739 12.6769 12.6799 12.6829 12.6859 12.6889 12.6919 12.6950 12.6980 12.7010 12.7040 12.7070 12.7100 12.7130 12.7160 12.7190 12.7220 12.7250 12.7280 12.7310 12.7340 12.7370 12.7400 12.7430 12.7460 12.7490 12.7520 12.7550 12.7580 12.7610 12.7640 12.7670 12.7700 12.7730 12.7760 12.7790 12.7820 12.7850 12.7880 12.7910 12.7941 12.7971 12.8001 12.8031 12.8061 12.8091 12.8121 12.8151 12.8181 12.8211 12.8241 12.8271 12.8301 12.8331 12.8361 12.8391 12.8421 12.8451
12.6469 12.6499 12.6529 12.6559 12.6589 12.6619 12.6649 12.6679 12.6709 12.6739 12.6769 12.6799 12.6829 12.6859 12.6889 12.6919 12.6950 12.6980 12.7010 12.7040 12.7070 12.7100 12.7130 12.7160 12.7190 12.7220 12.7250 12.7280 12.7310 12.7340 12.7370 12.7400 12.7430 12.7460 12.7490 12.7520 12.7550 12.7580 12.7610 12.7640 12.7670 12.7700 12.7730 12.7760 12.7790 12.7820 12.7850 12.7880 12.7910 12.7941 12.7971 12.8001 12.8031 12.8061 12.8091 12.8121 12.8151 12.8181 12.8211 12.8241 12.8271 12.8301 12.8331 12.8361 12.8391 12.8421 12.8451
12.6469 12.6499 12.6529 12.6559 12.6589 12.6619 12.6649 12.6679 12.6709 12.6739 12.6769 12.6799 12.6829 12.6859 12.6889 12.6919 12.6950 12.6980 12.7010 12.7040 12.7070 12.7100 12.7130 12.7160 12.7190 12.7220 12.7250 12.7280 12.7310 12.7340 12.7370 12.7400 12.7430 12.7460 12.7490 12.7520 12.7550 12.7580 12.7610 12.7640 12.7670 12.7700 12.7730 12.7760 12.7790 12.7820 12.7850 12.7880 12.7910 12.7941 12.7971 12.8001 12.8031 12.8061 12.8091 12.8121 12.8151 12.8181 12.8211 12.8241 12.8271 12.8301 12.8331 12.8361 12.8391 12.8421 12.8451
12.6469 12.6499 12.6529 12.6559 12.6589 12.6619 12.6649 12.6679 12.6709 12.6739 12.6769 12.6799 12.6829 12.6859 12.6889 12.6919 12.6950 12.6980 12.7010 12.7040 12.7070 12.7100 12.7130 12.7160 12.7190 12.7220 12.7250 12.7280 12.7310 12.7340 12.7370 12.7400 12.7430 12.7460 12.7490 12.7520 12.7550 12.7580 12.7610 12.7640 12.7670 12.7700 12.7730 12.7760 12.7790 12.7820 12.7850 12.7880 12.7910 12.7941 12.7971 12.8001 12.8031 12.8061 12.8091 12.8121 12.8151 12.8181 12.8211 12.8241 12.8271 12.8301 12.8331 12.8361 12.8391 12.8421 12.8451
12.6469 12.6499 12.6529 12.6559 12.6589 12.6619 12.6649 12.6679 12.6709 12.6739 12.6769 12.6799 12.6829 12.6859 12.6889 12.6919 12.6950 12.6980 12.7010 12.7040 12.7070 12.7100 12.7130 12.7160 12.7190 12.7220 12.7250 12.7280 12.7310 12.7340 12.7370 12.7400 12.7430 12.7460 12.7490 12.7520 12.7550 12.7580 12.7610 12.7640 12.7670 12.7700 12.7730 12.7760 12.7790 12.7820 12.7850 12.7880 12.7910 12.7941 12.7971 12.8001 12.8031 12.8061 12.8091 12.8121 12.8151 12.8181 12.8211 12.8241 12.8271 12.8301 12.8331 12.8361 12.8391 12.8421 12.8451
12.6469 12.6499 12.6529 12.6559 12.6589 12.6619 12.6649 12.6679 12.6709 12.6739 12.6769 12.6799 12.6829 12.6859 12.6889 12.6919 12.6950 12.6980 12.7010 12.7040 12.7070 12.7100 12.7130 12.7160 12.7190 12.7220 12.7250 12.7280 12.7310 12.7340 12.7370 12.7400 12.7430 12.7460 12.7490 12.7520 12.7550 12.7580 12.7610 12.7640 12.7670 12.7700 12.7730 12.7760 12.7790 12.7820 12.7850 12.7880 12.7910 12.7941 12.7971 12.8001 12.8031 12.8061 12.8091 12.8121 12.8151 12.8181 12.8211 12.8241 12.8271 12.8301 12.8331 12.8361 12.8391 12.8421 12.8451
12.6469 12.6499 12.6529 12.6559 12.6589 12.6619 12.6649 12.6679 12.6709 12.6739 12.6769 12.6799 12.6829 12.6859 12.6889 12.6919 12.6950 12.6980 12.7010 12.7040 12.7070 12.7100 12.7130 12.7160 12.7190 12.7220 12.7250 12.7280 12.7310 12.7340 12.7370 12.7400 12.7430 12.7460 12.7490 12.7520 12.7550 12.7580 12.7610 12.7640 12.7670 12.7700 12.7730 12.7760 12.7790 12.7820 12.7850 12.7880 12.7910 12.7941 12.7971 12.8001 12.8031 12.8061 12.8091 12.8121 12.8151 12.8181 12.8211 12.8241 12.8271 12.8301 12.8331 12.8361 12.8391 12.8421 12.8451
12.6469 12.6499 12.6529 12.6559 12.6589 12.6619 12.6649 12.6679 12.6709 12.6739 12.6769 12.6799 12.6829 12.6859 12.6889 12.6919 12.6950 12.6980 12.7010 12.7040 12.7070 12.7100 12.7130 12.7160 12.7190 12.7220 12.7250 12.7280 12.7310 12.7340 12.7370 12.7400 12.7430 12.7460 12.7490 12.7520 12.7550 12.7580 12.7610 12.7640 12.7670 12.7700 12.7730 12.7760 12.7790 12.7820 12.7850 12.7880 12.7910 12.7941 12.7971 12.8001 12.8031 12.8061 12.8091 12.8121 12.8151 12.8181 12.8211 12.8241 12.8271 12.8301 12.8331 12.8361 12.8391 12.8421 12.8451
12.6469 12.6499 12.6529 12.6559 12.6589 12.6619 12.6649 12.6679 12.6709 12.6739 12.6769 12.6799 12.6829 12.6859 12.6889 12.6919 12.6950 12.6980 12.7010 12.7040 12.7070 12.7100 12.7130 12.7160 12.7190 12.7220 12.7250 12.7280 12.7310 12.7340 12.7370 12.7400 12.7430 12.7460 12.7490 12.7520 12.7550 12.7580 12.7610 12.7640 12.7670 12.7700 12.7730 12.7760 12.7790 12.7820 12.7850 12.7880 12.7910 12.7941 12.7971 12.8001 12.8031 12.8061 12.8091 12.8121 12.8151 12.8181 12.8211 12.8241 12.8271 12.8301 12.8331 12.8361 12.8391 12.8421 12.8451
12.6469 12.6499 12.6529 12.6559 12.6589 12.6619 12.6649 12.6679 12.6709 12.6739 12.6769 12.6799 12.6829 12.6859 12.6889 12.6919 12.6950 12.6980 12.7010 12.7040 12.7070 12.7100 12.7130 12.7160 12.7190 12.7220 12.7250 12.7280 12.7310 12.7340 12.7370 12.7400 12.7430 12.7460 12.7490 12.7520 12.7550 12.7580 12.7610 12.7640 12.7670 12.7700 12.7730 12.7760 12.7790 12.7820 12.7850 12.7880 12.7910 12.7941 12.7971 12.8001 12.8031 12.8061 12.8091 12.8121 12.8151 12.8181 12.8211 12.8241 12.8271 12.8301 12.8331 12.8361 12.8391 12.8421 12.8451
12.6469 12.6499 12.6529 12.6559 12.6589 12.6619 12.6649 12.6679 12.6709 12.6739 12.6769 12.6799 12.6829 12.6859 12.6889 12.6919 12.6950 12.6980 12.7010 12.7040 12.7070 12.7100 12.7130 12.7160 12.7190 12.7220 12.7250 12.7280 12.7310 12.7340 12.7370 12.7400 12.7430 12.7460 12.7490 12.7520 12.7550 12.7580 12.7610 12.7640 12.7670 12.7700 12.7730 12.7760 12.7790 12.7820 12.7850 12.7880 12.7910 12.7941 12.7971 12.8001 12.8031 12.8061 12.8091 12.8121 12.8151 12.8181 12.8211 12.8241 12.8271 12.8301 12.8331 12.8361 12.8391 12.8421 12.8451
