hydro/data/static_data/land/marche.area.txt
ncols   643
nrows   534
xllcorner    12.0418
yllcorner    42.5206
cellsize    0.003003
NODATA_value -9999
[rows 160 to 199 of 534, columns 180 to 269 of 643]
48 3 3 2 2 15 1 1 2 1 1 1 11 2 9 7 4 2 1 1 4 7 1 1 2 1 1 1 1 1 1 1 1 1 53 3 1 7 21 2 1 1 2 10 1 8036 1 2 1 1 15 2 1 5 2 1 1 2 3 3 4 14 4 1 4 8 5 3 1 2 5 2 2 1 2 1 2 1 1 1 1 604 2 1 1 1 2 9 2 1
40 2 2 1 1 3 11 1 1 1 2 8 1 1 1 1 1 1 1 1 2 2 4 1 1 1 2 4 6 9 12 16 1 1 1 57 2 10 32 7844 7849 2 1 1 8029 4 2 1 1 11 1 1 1 2 2 1 1 2 2 3 3 10 3 1 2 7 4 2 1 1 1 2 3 2 3 2 1 3 3 1 2 602 3 2 1 1 5 3 1 1
38 1 1 1 1 1 9 2 1 1 4 1 1 1 1 1 1 3 2 1 1 1 1 1 1 1 1 1 1 1 1 1 18 20 22 27 86 87 7809 3 1 7853 7863 8014 8017 1 1 1 1 10 2 1 1 1 1 1 1 1 2 2 3 6 2 1 3 3 3 1 1 1 1 1 68 73 80 84 88 93 97 101 585 3 8 5 2 1 3 2 1 2
37 1 1 1 1 1 1 4 1 1 1 1 3 2 13 10 8 4 3 2 1 1 1 1 1 3 6 2 1 1 1 1 1 2 3 1 7714 7721 2 3 7 9 1 148 1 1 2 2 1 1 7 6 4 2 1 1 1 1 1 2 3 2 1 2 2 2 2 4 5 8 1 58 3 2 3 1 2 4 1 2 480 2 2 2 2 1 2 1 3 16
8 24 21 9 5 3 2 2 1 1 1 2 3 28 6 5 4 3 2 1 1 2 2 1 2 3 5 15 17 2 1 2 2 1 1 7711 2 6 1 2 3 1 2 10 135 128 3 2 2 1 1 1 1 3 2 2 1 1 1 1 1 1 1 1 1 1 1 1 2 32 43 56 2 1 2 1 3 1 2 475 1 1 1 1 1 1 1 2 2 10
5 1 5 5 2 1 1 1 1 1 2 1 1 30 3 2 1 1 1 1 1 4 6 2 1 1 1 1 2 20 3 2 3 7704 7708 1 1 3 2 1 2 1 2 7 5 4 118 3 2 2 2 2 4 1 3 2 2 1 1 1 1 1 2 3 4 5 6 25 28 1 2 11 1 1 1 1 1 1 2 472 12 10 3 2 1 1 1 1 2 6
2 1 3 3 1 1 1 4 1 1 2 6 1 1 34 1 2 2 2 1 1 15 2 1 1 1 1 1 2 3 27 30 7696 1 3 2 1 1 1 1 1 1 2 4 4 3 1 111 104 3 3 5 2 1 4 3 4 2 1 2 1 2 3 4 5 6 7 18 2 1 5 3 2 1 1 1 1 1 2 457 2 1 6 5 4 2 1 1 2 3
1 1 1 1 1 1 1 7 1 1 2 1 8 1 37 3 3 3 1 2 18 1 1 1 2 2 1 2 1 1 2 7501 2 160 1 1 1 1 1 1 1 1 1 2 3 2 1 3 6 92 6 3 1 2 5 4 7 2 3 1 2 1 1 2 3 5 8 2 1 2 2 2 1 1 3 2 2 2 3 452 1 1 1 4 3 2 1 1 1 1
1 1 1 1 1 2 2 1 9 1 4 1 10 1 42 4 4 1 1 22 1 1 1 1 4 3 2 1 3 3272 3273 7500 1 1 157 2 2 2 1 4 2 1 1 1 2 1 2 4 1 3 79 1 2 3 6 12 3 4 2 1 3 2 1 1 1 1 1 1 1 1 1 1 2 4 6 11 15 18 1 447 1 1 10 4 3 2 1 1 1 2
2 1 2 2 1 1 3 3 11 2 5 2 11 2 47 1 5 2 1 25 1 2 2 2 5 4 7 2 3267 1 4224 2 1 1 5 147 145 4 5 1 2 2 1 1 1 1 1 2 2 2 3 69 59 37 30 16 10 4 1 2 4 3 2 2 1 1 1 1 1 1 1 1 1 1 1 1 1 2 393 444 47 45 13 11 9 7 4 1 1 1
3 1 3 3 1 2 5 4 2889 2892 6 3 2931 2934 3129 2 6 9 11 3214 3218 3223 3229 3234 3248 3251 3254 3263 1 4 4210 8 1 1 3 1 2 136 2 3 3 2 2 1 1 1 1 1 1 2 2 5 17 1 1 1 1 1 1 3 5 4 3 3 2 1 2 4 6 9 12 2 1 1 1 1 1 366 372 2 1 3 18 1 1 1 2 1 1 3
1 1 1 7 2854 2860 2865 2873 10 2905 2907 2916 145 147 3 3138 3141 3173 3176 1 2 2 3 4 6 2 2 1 3 2 4209 6 2 1 2 1 2 3 123 4 3 3 2 2 2 1 1 1 1 1 2 2 16 3 2 1 1 1 1 2 25 12 8 4 3 1 2 1 1 1 2 16 21 23 1 2 356 8 3 2 1 2 6 11 3 2 1 1 1 3
1 1 2838 2841 4 3 4 2 9 2 1 2 144 1 2 3 2 31 1 1 1 1 2 3 5 1 1 2 1 3 4206 3 2 1 1 1 2 2 5 108 100 3 3 3 2 2 1 2 1 1 1 2 4 6 2 1 2 2 1 2 31 3 2 1 1 2 1 4 1 1 1 1 1 24 2 350 2 4 3 2 1 1 5 2 5 3 1 1 1 1
1 2832 2835 1 3 2 3 1 8 1 1 1 142 1 1 2 1 2 28 3 2 1 1 2 3 1 1 1 2 1 2 4200 3 2 1 1 1 4 1 3 93 84 4 3 3 1 4 2 1 1 1 1 2 2 1 2 5 8 10 34 1 1 1 1 1 2 5 7 1 1 2 1 1 298 324 22 1 1 3 2 1 1 3 1 1 1 2 1 1 1
2721 109 1 1 2 1 2 1 4 2 1 2 140 4 2 1 1 2 22 4 3 2 1 1 1 1 1 2 3 4 5 4196 2 1 1 1 1 2 2 1 7 5 71 64 58 8 3 2 2 1 1 1 1 1 1 2 4 7 20 36 2 2 1 2 1 2 1 14 2 1 2 290 294 1 1 21 17 5 2 2 1 1 1 1 1 1 1 4 2 1
1 108 14 2 1 1 1 1 2 1 1 2 130 1 1 1 1 2 5 10 4 2 1 1 1 1 1 2 3 4 5 6 4182 4 2 1 1 1 1 2 4 4 3 2 5 43 39 3 1 3 3 1 1 1 1 1 2 2 2 62 3 1 4 1 2 1 3 1 17 2 282 2 2 1 1 2 9 2 2 1 1 1 1 2 1 2 5 5 3 1
88 4 1 11 4 2 1 1 1 1 1 2 129 1 1 1 1 1 3 4 1 1 1 2 3 1 1 1 1 2 3 4163 14 12 10 7 2 1 1 2 1 3 2 1 4 3 1 32 27 7 3 2 2 1 1 1 1 1 1 1 67 69 6 3 1 1 2 4 250 271 7 1 1 1 1 2 4 2 1 1 1 2 6 9 12 2 1 11 4 2
84 1 3 5 1 1 1 1 2 1 2 1 125 17 1 4 2 1 2 2 1 1 1 5 5 1 1 2 2 1 2 4157 2 1 1 1 3 2 1 1 1 1 1 1 2 2 1 2 16 8 4 3 2 1 2 1 1 2 3 4 1 1 79 2 1 1 233 241 244 2 1 6 3 1 1 1 1 1 1 1 1 2 1 1 2 16 20 22 12 7
77 1 2 3 1 1 1 3 35 39 43 103 2 1 14 8 3 1 1 1 1 1 2 3 14 2 2 3 3 1 4152 1 1 1 1 1 1 2 1 1 1 1 1 1 1 1 1 4 3 2 1 1 4 2 4 1 1 1 1 1 6 109 191 194 213 225 228 7 1 1 1 1 1 1 1 1 1 1 2 1 1 1 1 1 1 1 1 2 25 38
2 1 1 2 1 1 26 29 3 2 1 55 1 1 1 3 1 1 1 1 1 3 1 1 2 20 23 27 28 32 4150 2 1 2 8 6 4 1 1 1 2 3 2 2 1 1 1 2 2 1 1 2 1 31 36 2 2 1 2 97 101 1 1 3 14 11 2 2 4 2 1 1 1 1 1 3 3 1 3 2 2 2 1 2 2 1 1 2 3 1
1 1 1 1 2 19 4 1 2 1 1 51 2 1 1 1 1 1 2 2 5 4 1 2 1 1 1 1 1 2 1 4114 3 11 2 1 1 2 1 1 2 27 18 15 8 2 1 1 1 1 2 16 21 23 3 40 46 86 91 2 1 1 2 3 10 9 1 1 1 1 1 2 2 1 2 5 5 1 4 3 5 1 1 4 1 3 2 3 4 8
2 1 1 2 12 3 2 1 1 1 1 1 49 7 2 1 1 1 2 5 7 18 20 24 2 1 1 2 2 3 4091 19 12 1 1 2 3 1 2 1 33 1 1 2 3 4 2 1 2 3 4 13 2 1 2 1 1 37 3 1 1 1 2 6 3 4 4 2 1 1 3 3 3 2 1 14 1 1 6 9 1 1 2 6 1 2 4 1 1 1
1 1 1 2 9 2 1 1 1 1 3 31 41 2 3 2 1 1 1 1 1 1 2 4 32 2 2 3 1 3421 664 6 5 3 1 3 4 2 40 36 1 1 1 1 1 1 1 1 1 4 6 2 1 1 1 2 3 36 1 1 1 1 1 4 2 3 1 1 1 1 1 8 4 3 2 15 1 1 20 12 1 1 4 7 1 4 1 5 2 2
3 1 2 4 2 1 2 5 8 17 24 2 3 4 1 1 3 3 1 1 1 1 1 1 1 35 39 45 3414 3 2 663 1 55 54 50 45 42 1 1 1 1 2 1 1 2 1 1 1 1 1 1 1 1 1 1 2 20 12 8 4 2 1 2 1 2 1 1 4 2 1 1 39 43 47 66 2 2 21 1 1 2 13 1 2 5 1 2 1512 1520
2 1 1 1 1 1 2 1 1 6 6 1 2 2 1 3 7 4 2 2 2 1 1 1 1 1 1 3363 5 2 1 1 660 1 1 1 1 1 1 2 1 2 3 3 3 1 2 1 1 1 1 1 2 4 6 9 12 2 3 3 2 1 1 1 1 1 4 7 9 18 20 23 2 1 3 2 69 96 2 1 1 1 16 2 3 6 1 1440 1504 4
2 1 1 1 1 1 1 3 4 1 3 2 1 1 2 2 3 17 22 25 29 2 1 3 1 1 2 3360 1 4 1 1 2 600 586 40 38 36 34 31 28 24 17 13 9 7 4 2 1 2 1 2 1 1 1 1 1 1 2 1 1 1 1 1 1 2 1 1 1 1 1 1 1 1 1 1 1 1 100 103 2 1 18 864 869 1432 1435 2 61 2
1 2 1 2 2 1 1 1 2 3 1 1 1 1 1 1 2 1 1 1 1 32 36 41 2 1 1 3355 2 1 2 1 11 1 2 543 1 1 1 1 1 1 1 1 1 1 1 2 1 3 2 3 1 2 2 1 1 2 1 1 1 1 2 2 1 1 2 4 5 1 1 1 1 1 1 1 1 1 1 1 107 109 843 1 2 556 2 1 59 1
3 3 2 1 6 1 1 1 2 6 1 1 1 1 1 1 2 3 1 1 1 1 1 2 3337 3340 3343 10 1 1 1 1 9 1 5 4 532 529 1 1 1 1 2 2 2 2 1 3 2 4 3 4 2 3 3 2 6 2 1 1 2 2 3 3 2 1 1 1 2 9 2 1 2 2 2 2 2 2 2 1 1 732 1 1 1 552 1 1 58 12
12 21 23 26 38 2 1 1 2 10 1 3 1 1 2 2 1 2 7 9 2 1 1 2 3291 2 1 4 4 1 1 6 2 4 1 2 2 13 512 3 2 9 6 3 3 1 2 4 3 1 8 5 3 4 4 12 3 2 1 1 4 6 1 5 4 1 1 1 2 3 16 2 1 4 9 1 3 3 6 723 728 1 1 1 2 550 2 1 27 18
6 2 1 3 2 45 1 1 1 12 17 1 1 3 3 3 1 1 1 2 10 3 2 3286 1 1 1 1 2 2 2 2 1 3 1 1 11 1 3 505 499 1 1 4 2 1 3 5 4 1 10 6 4 26 21 4 3 1 1 1 13 1 1 2 12 14 2 1 1 1 1 18 21 1 1 10 2 4 1 714 2 1 1 2 6 545 2 1 25 1
2 1 2 1 1 2 51 1 1 1 19 1 1 5 10 3 1 1 1 1 3 17 1568 3283 2 1 1 1 1 1 1 1 1 1 1 4 6 2 1 2 488 191 5 3 2 1 4 6 5 73 68 50 41 8 5 3 1 1 1 3 16 1 1 1 1 15 3 2 1 2 1 1 1 22 2 12 666 703 707 4 1 1 2 3 3 536 2 1 24 3
1 1 1 1 1 1 1 54 1422 1426 1447 1488 1490 1497 12 1 1 2 4 2 1549 1550 1622 90 86 85 2 1 1 1 1 1 1 1 2 3 2 1 1 1 296 1 183 3 1 1 98 92 83 3 3 7 2 2 2 1 1 1 1 21 1 1 1 2 3 1 19 3 2 1 4 544 616 640 646 649 2 32 2 1 3 1 1 2 1 528 2 1 1 19
1 1 2 4 6 1 1 1365 1 2 1 39 1 1 1512 1 1 1 2 1544 1 1 1620 2 1 5 76 73 69 2 2 1 2 1 1 1 1 2 1 1 293 1 1 175 106 104 2 2 1 2 2 5 1 1 1 1 1 1 2 22 2 2 2 3 4 2 20 4 3 536 538 3 70 1 3 2 1 3 28 1 2 1 2 3 1 526 2 1 4 2
1 4 6 7 8 15 1356 1361 2 1 1 1 36 1 1 1517 1 1 1536 1 1 2 1619 3 1 4 2 2 24 40 22 20 18 10 2 1 1 1 4 287 3 1 1 66 1 1 1 1 1 1 1 3 1 1 1 1 1 2 2 3 450 455 461 469 480 488 512 515 528 3 1 2 64 2 2 1 1 1 27 1 1 2 3 4 4 522 3 1 3 1
1 1 1 1 1 1 1339 1 3 1 1 4 31 1 1 2 1527 1531 2 1 1 1610 2 1 2 3 1 1 23 3 12 1 4 3 4 2 1 2 279 2 1 1 2 28 35 2 1 1 1 1 1 1 1 3 2 1 1 2 5 417 5 2 3 4 6 5 3 2 8 2 1 1 62 1 1 1 1 2 23 1 1 1 2 3 512 2 1 1 1 1
1 1 2 4 6 1332 3 2 1 1 2 1 28 1 1 4 3 2 1 1 2 1606 2 1 1 2 1 15 7 2 3 8 3 2 1 1 1 1 275 1 1 1 2 25 4 28 25 19 4 2 1 1 1 5 4 1 1 2 406 3 4 1 2 3 5 4 2 1 7 1 1 2 60 3 1 1 10 11 21 1 1 2 3 1 499 5 4 2 1 1
1 2 1 1 1321 1 2 2 1 1 2 5 24 2 1 2 2 1 1 1 1 1602 2 1 1 2 9 4 6 1 2 7 2 1 1 1 1 105 273 2 1 1 17 7 3 2 4 4 9 3 1 1 11 15 26 28 29 31 403 1 2 3 1 2 4 3 1 2 4 4 8 51 1 2 1 1 8 1 6 1 1 2 3 7 497 2 1 1 1 2
2 1 3 2 1319 2 1 1 1 1 2 9 7 2 1 1 1 1 2 2 1597 2 1 1 1 4 2 3 5 1 1 5 1 1 1 92 102 7 3 155 1 12 4 6 2 1 3 3 3 2 1 3 8 2 1 1 1 1 370 2 1 1 2 1 3 2 1 3 3 3 3 32 10 1 1 1 5 2 2 1 1 2 1 2 481 4 1 1 1 1
3 1235 1297 1302 2 10 3 2 1 1 2 6 2 4 1 1 1 1 1 13 1580 2 1 1 1 2 1 2 4 2 4 1 1 76 87 2 8 6 2 152 1 11 3 4 1 1 2 2 2 1 2 2 2 1 1 1 2 356 3 7 3 2 1 1 2 1 2 2 2 2 1 27 8 4 1 2 2 1 1 1 1 1 4 455 2 23 2 2 1 1
1230 1 57 1 3 1 6 3 1 1 2 3 1 3 1 2 4 6 8 9 1577 12 9 6 1 1 1 3 1 1 1 2 74 4 5 1 7 5 1 1 150 6 4 2 3 1 1 1 1 1 1 1 1 1 1 190 349 1 2 2 3 2 1 1 1 1 1 1 1 1 1 26 2 1 2 1 1 1 1 1 2 2 447 2 1 1 22 7 2 1
