hydro/data/static_data/land/marche.area.txt
ncols   643
nrows   534
xllcorner    12.0418
yllcorner    42.5206
cellsize    0.003003
NODATA_value -9999
[rows 240 to 279 of 534, columns 360 to 449 of 643]
2 2 1 2 4 2 1 3 3 2 1 1 1 1 1 1 1 1 1 2 41 43 1266 1270 42 3 2 1 1 6 3 1 1 2 3 11 4 1 1 1 1 1 2 2 44 57 2 1 2 5 1 1 2 2 259 4 2 1 1 1 1 1 222 2 1 1 11 1 1 2 1 1 2 69 1151 1154 1214 2 2 1 3 2 1 1 1 2 22 15 12 9
20 14 12 7 2 1 1 1 2 1 1 2 3 1 1 1 1 1 1 1 1 1219 3 1 1 37 2 1 1 4 1 1 1 1 1 2 16 3 1 1 1 1 1 1 1 1 61 63 66 6 1 2 227 229 1 265 4 2 1 1 1 1 1 226 3 1 13 1 1 4 2 2 1066 1069 2 2 2 57 1 1 1 1 1 1 1 3 3 2 2 2
1 2 1 1 1 1 1 1 1 1 2 3 10 2 1 1 2 2 3 1 1215 2 1 1 24 6 4 1 1 2 1 2 4 6 31 38 71 76 78 2 2 1 1 1 1 1 1 1 1 214 218 220 1 1 1 285 557 562 566 568 2 1 1 1 231 1 14 1014 1018 1026 1056 1058 3 2 1 1 1 56 1 1 1 1 2 2 1 2 2 1 1 1
2 1 1 2 2 2 2 1 1 1 2 4 5 14 1 1 2 1141 1201 1206 4 2 1 1 22 2 3 3 1 2 6 10 22 23 6 12 2 1 2 84 88 2 2 1 3 2 2 134 138 2 2 1 1 279 281 2 2 2 2 1 573 747 751 754 989 992 995 998 2 3 27 1 1 1 1 1 12 4 38 32 27 20 17 10 6 2 1 1 1 1
1 1 1 2 9 3 2 2 1 1 1 1 1 20 1 2 1133 1 56 2 2 3 1 3 18 1 2 2 1 3 3 6 5 5 6 5 1 1 1 1 17 110 115 118 120 127 129 2 2 1 1 1 276 1 1 1 1 1 1 1 1 171 2 2 2 1 2 2 1 2 10 16 2 1 1 6 4 3 4 4 5 1 2 2 2 1 1 1 1 3
2 1 1 1 11 6 3 2 2 1 1 1 2 1121 1124 1127 2 1 53 1 1 1 2 2 3 14 1 1 2 2 5 4 4 4 1 4 4 9 12 14 2 2 2 1 1 1 1 1 1 1 2 1 274 3 1 1 1 1 1 1 1 148 22 1 1 1 1 1 1 2 7 4 9 2 1 3 3 2 3 3 3 1 1 1 1 1 1 1 2 2
7 3 1 1 2 23 3 3 1 1 2 2 1094 3 2 1 1 2 50 1 1 1 1 1 2 10 3 1 1 4 3 2 1 3 3 3 4 1 1 1 1 1 1 1 1 1 1 1 1 1 1 3 269 1 1 1 3 19 21 110 143 2 1 21 19 15 1 1 1 3 3 3 3 3 1 2 2 1 2 2 1 1 1 1 1 2 1 2 2 3
1 1 1 1 1 2 27 4 2 2 114 115 1089 1 2 1 1 3 2 43 3 1 1 1 1 4 4 2 1 2 2 1 2 2 2 2 1 1 1 1 125 128 141 144 150 153 155 157 2 1 2 262 1 1 1 1 14 1 1 87 30 1 1 1 1 2 13 8 1 2 2 2 2 1 1 1 1 1 1 1 1 1 2 1 2 2 3 2 3 192
1 2 2 1 2 1 30 104 108 109 1 968 5 4 2 1 2 1 2 3 33 5 3 2 1 2 2 1 1 1 1 1 1 1 1 1 2 3 120 123 2 4 8 1 4 1 1 1 161 251 256 1 1 3 7 10 11 1 1 84 1 29 10 6 3 1 3 4 2 1 1 1 1 1 1 1 1 2 1 1 1 3 3 1 2 3 6 1 185 1
2 3 1 4 3 65 68 1 1 1 1 963 3 1 1 1 1 1 2 2 18 7 4 2 1 1 1 1 1 1 1 1 1 1 1 1 1 113 2 1 1 3 7 3 1 2 70 73 76 13 2 1 2 2 1 1 1 1 78 3 1 14 4 3 2 2 2 2 1 1 1 1 1 3 2 1 1 5 1 1 2 5 4 1 2 157 166 168 12 1
7 11 12 57 60 1 1 1 249 251 253 961 1 1 1 1 1 1 1 1 15 2 2 1 1 1 2 9 12 3 1 1 2 2 85 88 91 110 1 1 2 6 2 3 6 11 56 1 2 11 1 1 1 1 1 1 1 72 2 1 2 13 3 2 1 1 1 1 1 1 2 1 2 9 1 1 2 7 2 1 2 8 131 136 145 4 2 1 3 8
22 24 36 3 1 1 1 246 1 1 1 705 8 7 5 3 1 1 1 6 9 4 1 1 2 5 6 1 2 47 50 52 75 80 2 1 4 13 1 1 5 1 2 2 2 4 54 1 1 7 3 1 1 1 1 2 48 13 8 1 1 12 1 1 1 1 1 1 1 2 4 2 1 1 11 2 3 8 3 110 114 116 2 3 5 3 3 1 2 2
1 8 3 1 1 1 241 2 1 1 2 696 2 1 1 1 2 1 1 3 2 2 1 1 2 1 1 1 26 3 1 1 21 2 1 1 2 11 1 1 3 1 1 1 1 15 36 2 1 3 2 1 1 2 37 41 3 1 11 7 1 11 1 1 1 1 3 2 2 1 3 58 62 66 80 85 90 100 102 3 1 1 1 2 2 2 2 2 1 1
1 6 1 1 1 2 237 2 1 1 2 691 1 2 2 3 2 1 1 1 1 1 1 1 1 2 4 21 3 1 1 1 17 2 1 1 7 2 1 2 1 2 3 11 14 3 30 2 1 2 1 1 2 30 3 2 1 1 10 6 9 4 8 13 18 21 29 30 38 41 46 48 2 2 2 2 1 1 1 1 1 1 1 1 1 1 1 1 1 2
3 1 1 1 1 230 3 1 1 1 2 687 52 49 45 40 2 2 1 1 1 1 1 1 2 3 11 4 1 1 1 12 15 1 1 3 3 1 1 1 2 5 7 2 2 2 27 2 1 1 1 2 23 3 1 1 1 9 5 8 2 1 3 3 2 2 3 1 4 2 1 1 1 1 1 1 1 1 1 1 4 3 1 1 1 3 2 1 1 2
1 1 1 1 225 3 1 1 1 2 3 632 1 1 1 2 33 4 2 2 2 2 1 1 1 2 7 2 1 1 5 10 1 1 2 2 2 3 4 1 2 1 1 1 1 16 23 1 1 1 2 16 4 1 1 4 8 4 5 2 1 2 2 1 1 1 1 2 1 1 1 1 1 1 1 1 1 2 10 7 1 1 10 8 6 1 1 1 1 2
1 1 216 220 2 1 1 1 1 1 625 2 1 1 1 1 1 25 22 3 3 2 2 1 1 2 1 1 1 1 2 2 2 1 1 1 1 2 3 5 6 7 10 13 15 2 3 1 1 2 10 2 1 3 3 3 3 2 2 1 1 1 1 1 1 1 1 1 1 1 2 2 2 2 2 1 3 5 14 1 1 12 1 1 1 2 2 1 1 1
206 210 3 1 1 1 1 1 2 2 623 5 4 2 1 2 1 2 1 15 10 3 2 1 1 1 1 1 1 1 1 1 1 1 1 1 2 3 4 8 1 2 2 1 1 1 1 1 2 5 2 1 2 2 2 2 1 1 1 1 1 1 1 2 3 2 2 1 1 2 6 5 3 1 1 4 6 8 28 1 1 26 11 9 8 4 1 2 2 1
2 3 1 1 1 1 1 24 27 30 615 10 9 8 7 3 2 1 1 1 4 3 2 1 2 2 2 2 3 1 1 1 1 1 2 4 5 6 8 10 19 1 1 2 1 1 1 1 1 1 1 1 1 1 1 1 1 1 1 2 3 1 2 4 4 3 3 2 1 2 1 16 2 1 1 1 1 1 32 1 2 29 2 1 1 1 1 5 1 1
1 2 5 8 10 16 19 2 1 1 573 1 1 1 1 1 1 1 1 1 1 3 6 4 1 4 8 11 5 1 2 6 4 2 1 1 1 1 1 1 20 1 1 1 3 2 2 2 2 1 1 1 1 1 1 1 2 3 1 2 5 12 15 19 25 31 39 50 54 1 3 17 3 2 2 1 1 1 1 35 32 1 1 1 2 2 1 8 1 1
1 1 3 2 2 2 2 1 1 1 2 569 4 2 1 2 33 29 18 15 14 12 2 1 1 1 1 1 19 21 11 2 1 1 1 2 2 2 1 1 22 1 2 3 215 221 226 231 236 240 242 2 2 2 2 2 3 4 1 2 3 1 1 1 1 1 8 2 2 58 61 67 90 95 98 2 2 1 1 1 69 2 2 1 3 3 1 11 1 2
1 1 1 1 1 1 1 1 1 2 1 563 47 46 43 39 1 2 9 7 5 2 1 2 1 1 1 1 1 34 1 1 1 1 3 5 5 157 161 163 193 198 203 206 2 3 2 2 2 2 2 246 252 256 258 263 268 6 1 1 1 2 3 4 5 7 1 1 1 1 2 2 2 2 4 106 109 2 1 2 71 3 3 2 7 2 13 1 1 6
1 1 1 1 1 1 1 1 2 2 510 2 2 1 3 1 1 1 1 1 1 1 1 3 3 2 1 1 1 1 37 2 1 1 1 2 148 1 2 1 6 3 2 2 1 2 1 1 1 1 1 1 1 1 1 1 4 281 2 1 1 1 1 1 1 1 1 1 1 1 1 1 1 1 1 1 3 117 121 126 200 206 211 216 224 16 1 1 1 1
1 1 2 2 3 2 163 166 167 175 329 1 1 1 1 1 1 1 1 1 5 3 1 4 10 1 2 2 4 2 108 112 2 1 1 137 2 1 1 1 4 2 1 1 1 1 1 1 1 1 1 1 1 1 2 3 1 2 287 291 1 2 3 1 1 1 3 1 3 1 1 1 1 1 1 1 1 1 2 2 2 2 1 2 2 248 2 1 1 1
5 2 128 146 149 158 1 1 2 3 328 1 1 1 1 1 2 15 12 8 1 1 1 1 11 34 38 39 47 68 2 117 121 126 131 3 1 1 1 2 3 1 1 1 1 1 36 39 41 2 2 2 2 1 1 1 1 1 1 2 296 300 304 307 2 315 320 324 329 331 2 2 2 2 2 1 1 1 1 1 1 1 1 1 4 5 258 260 2 2
2 120 2 15 2 4 1 1 2 3 323 2 1 50 48 20 19 1 1 1 1 1 1 2 20 1 1 1 2 20 1 2 1 3 4 1 1 1 2 3 4 5 20 25 27 30 2 1 2 45 59 70 75 77 81 2 1 1 1 1 1 1 1 1 309 2 1 2 1 2 338 3 3 3 3 2 3 1 1 1 1 1 1 3 2 2 2 2 266 270
107 5 1 14 1 1 2 1 2 2 1 317 53 2 25 23 2 1 1 1 1 2 7 9 7 5 1 1 1 13 5 2 1 2 2 1 1 2 3 4 5 13 1 2 1 1 1 1 1 9 5 3 2 2 2 89 93 97 101 102 1 1 1 1 1 1 1 1 1 2 2 346 352 358 364 369 375 377 2 3 2 1 1 1 1 1 1 1 1 1
2 4 4 5 4 1 1 1 1 1 1 261 1 1 1 2 18 1 6 3 1 1 1 1 1 3 2 1 1 10 2 2 1 1 1 1 1 1 2 3 6 1 1 1 2 3 4 6 8 2 2 2 1 1 1 3 2 2 2 1 109 113 117 120 122 2 1 1 1 1 1 1 2 2 2 2 2 2 383 389 2 2 1 1 1 1 1 1 1 1
3 3 2 2 2 1 1 1 1 1 239 259 2 1 1 1 2 13 2 1 1 1 1 1 1 1 2 1 1 7 1 1 1 1 1 1 2 2 1 1 1 1 1 1 1 1 1 1 1 1 1 1 1 1 1 1 1 1 1 1 3 2 2 1 2 130 2 1 1 1 1 1 1 1 1 1 1 1 1 2 397 401 2 1 2 2 2 1 2 2
2 1 1 1 1 18 21 1 3 233 3 14 3 2 1 1 1 1 2 1 1 1 4 1 1 5 1 3 2 2 3 1 1 2 4 6 10 1 3 2 1 1 2 2 5 7 2 1 1 1 1 1 1 2 4 6 7 1 1 1 1 1 1 1 2 2 138 2 1 1 2 3 1 1 1 1 1 1 1 1 2 3 408 411 414 3 3 2 1 3
1 4 7 12 15 1 2 24 227 1 2 2 11 2 1 1 1 1 1 1 1 3 6 1 1 14 6 2 1 1 1 1 1 1 2 3 4 15 28 32 36 40 43 46 48 50 59 62 67 69 72 3 1 1 1 1 9 12 1 1 1 1 1 1 1 2 2 145 148 156 160 164 2 3 1 9 6 3 1 1 1 1 1 1 2 421 426 429 2 4
2 2 2 2 2 1 1 2 202 2 1 1 5 3 1 1 2 3 3 1 1 5 8 1 1 20 4 3 2 1 1 2 1 1 1 1 2 9 2 1 1 1 1 1 1 1 1 1 1 1 1 77 2 2 1 1 1 14 18 1 3 2 1 1 1 1 1 1 1 6 1 2 170 175 12 2 1 1 1 1 1 1 1 1 1 1 1 2 434 439
1 1 1 1 1 1 1 2 197 1 1 1 3 1 1 2 6 1 7 1 2 52 43 31 29 4 3 2 1 2 1 3 2 1 2 4 5 1 1 1 1 1 1 3 1 1 1 1 1 1 1 1 81 87 2 1 1 1 1 22 6 2 2 1 1 1 2 3 4 1 1 1 2 3 195 4 2 1 1 1 3 2 1 2 1 1 1 1 1 7016
1 1 1 1 1 2 2 188 5 2 1 1 1 1 2 3 4 8 8 1 2 55 2 2 1 3 2 1 3 2 1 4 3 2 1 1 1 1 1 1 2 4 2 1 6 2 2 1 3 6 2 1 2 90 2 1 2 1 1 1 32 3 2 1 1 2 1 1 1 1 1 1 1 2 197 1 1 1 1 2 2 4 3 2 3 3 6551 6560 6568 7
2 2 1 167 172 179 181 3 1 2 1 1 1 1 2 3 4 17 9 1 61 2 1 1 1 1 1 4 3 1 1 2 10 2 1 1 2 2 3 1 2 1 5 3 1 10 3 1 1 1 9 1 2 93 96 102 2 1 1 1 2 44 3 2 2 1 3 2 2 3 2 1 1 201 1 1 1 2 2 1 3 3 5 6 6524 6541 5 7 7 6
158 162 164 2 1 3 1 1 1 1 1 2 2 1 1 2 3 7 25 10 67 3 2 1 1 3 9 4 2 1 1 3 18 2 1 1 2 3 6 1 2 3 2 9 1 1 14 2 1 2 11 1 1 1 1 105 2 1 1 4 6 2 47 55 58 2 1 4 8 1 3 1 2 205 2 1 2 1 3 4 6475 6485 6503 6513 1 16 4 2 4 6
3 1 1 1 1 1 1 1 1 2 1 4 4 1 1 2 3 1 2 106 1 1 1 1 1 15 1 3 2 1 1 2 22 25 2 2 1 6 13 69 79 85 89 103 107 110 126 130 134 139 153 155 158 1 2 109 2 1 1 1 1 1 1 1 2 64 67 73 10 1 4 1 2 3 208 2 3 6435 6455 6465 2 6 12 8 1 5 10 3 1 3
1 1 1 1 1 1 2 1 2 4 1 7 6 1 1 1 1 1 2 115 6 5 3 1 1 17 4 3 2 1 1 1 1 2 30 43 45 50 54 4 3 2 1 4 2 1 1 1 2 2 2 1 3 164 167 110 2 2 1 1 1 1 1 1 1 1 1 2 87 93 1 1 2 1 6401 6410 6412 18 16 9 1 5 6 5 7 4 6 3 2 2
1 1 1 3 5 7 4 1 2 7 1 8 8 1 2 1 3 1 1 117 1 1 1 1 1 30 7 3 2 2 1 1 1 2 6 4 1 3 3 3 2 1 3 1 1 1 1 1 1 1 1 1 1 1 2 281 288 2 1 2 4 1 2 1 1 1 1 1 1 95 2 6167 6174 6179 9 6 1 17 15 3 5 4 5 4 6 3 5 2 1 1
2 1 1 2 3 4 16 2 3 8 1 132 154 158 163 167 171 2 1 120 2 2 1 36 34 2 1 3 1 3 2 3 1 1 2 2 1 2 2 2 1 2 1 2 3 6 2 3 1 1 1 1 1 1 1 2 2 295 3 5 1 1 1 4 1 2 2 1 1 6063 6160 3 4 4 3 5 5 16 14 2 4 3 4 3 5 2 3 1 1 1
