hydro/data/static_data/land/marche.slope.txt
ncols	643
nrows	534
xllcorner	12.041800
yllcorner	42.520600
cellsize	0.003003
NODATA_value	-9999.000000
[rows 341 to 371 of 534, columns 276 to 344 of 643]
-9999.00 -9999.00 -9999.00 -9999.00 -9999.00 -9999.00 19.72 25.88 24.52 14.73 7.19 11.68 16.98 12.90 10.36 8.27 4.99 7.00 10.77 11.48 11.27 14.44 16.57 16.64 15.14 6.99 6.10 9.82 12.92 12.63 3.21 5.00 7.32 9.64 10.50 9.23 13.88 21.21 17.70 12.78 18.49 24.30 25.57 19.61 12.96 4.98 16.03 15.53 10.95 9.47 9.50 13.00 13.33 11.87 7.16 2.89 5.88 5.07 3.82 3.23 4.61 4.28 4.47 3.52 3.23 2.99 4.40 4.54 4.87
-9999.00 -9999.00 -9999.00 -9999.00 -9999.00 14.11 17.92 20.35 11.62 10.60 15.03 13.54 14.88 11.74 8.15 3.67 11.75 15.91 16.04 16.13 13.65 8.82 8.59 12.53 17.31 9.19 7.45 11.98 10.70 10.51 6.60 3.30 4.86 7.36 1.81 5.79 11.92 21.25 14.20 7.61 21.78 26.84 23.98 17.35 13.08 11.22 17.11 14.06 10.28 8.53 10.06 13.65 14.46 13.04 9.46 7.37 6.71 3.65 2.74 2.35 4.47 3.58 3.09 5.34 3.23 3.29 6.08 4.37 2.62
-9999.00 -9999.00 -9999.00 -9999.00 -9999.00 -9999.00 17.49 15.37 6.44 10.36 12.97 15.28 15.76 11.38 3.53 7.84 14.86 18.30 20.99 22.09 22.14 23.24 24.56 24.50 20.44 7.67 11.11 11.43 8.30 7.43 4.73 4.93 10.13 14.87 10.91 4.20 9.59 19.66 13.86 11.88 23.96 24.55 20.13 14.18 8.83 6.75 13.07 11.10 6.10 2.84 5.76 9.93 13.00 14.21 11.39 9.38 7.21 3.68 3.26 2.05 3.90 4.56 4.36 3.38 4.35 7.23 8.37 6.85 5.63
-9999.00 -9999.00 -9999.00 -9999.00 -9999.00 -9999.00 -9999.00 16.29 5.06 8.67 4.64 6.01 5.71 3.91 2.88 10.99 14.39 13.13 11.82 11.49 11.97 12.02 12.14 8.85 7.65 2.88 13.04 15.66 12.55 8.40 3.60 11.17 14.03 16.02 15.07 13.25 15.27 19.97 19.26 20.21 25.09 23.18 19.71 15.48 8.54 6.64 11.71 10.18 3.80 5.54 5.98 7.95 14.66 15.14 11.99 10.16 7.98 4.54 2.84 2.33 5.58 4.78 1.88 4.79 4.50 4.68 6.64 4.42 5.83
-9999.00 -9999.00 -9999.00 -9999.00 -9999.00 -9999.00 -9999.00 19.79 12.96 15.12 15.12 9.47 9.21 9.68 5.92 7.42 13.17 16.71 18.61 19.93 20.86 20.15 20.32 21.95 21.16 13.44 4.46 17.53 22.46 18.71 15.83 21.22 14.34 13.28 12.57 18.34 22.30 24.07 26.78 27.50 26.72 23.40 20.59 16.92 9.99 11.28 13.31 10.53 5.08 12.09 15.20 13.47 12.73 15.13 14.65 12.68 10.01 6.49 4.94 5.03 6.18 5.43 6.00 5.04 4.38 3.54 6.90 4.86 6.77
-9999.00 -9999.00 -9999.00 -9999.00 -9999.00 -9999.00 -9999.00 19.94 14.45 11.03 16.90 8.78 7.08 9.15 7.72 1.72 6.40 10.86 12.89 15.39 19.91 24.77 26.97 24.67 24.46 23.91 16.51 4.14 18.62 24.23 23.89 21.97 13.95 13.75 16.68 19.72 23.34 26.40 30.94 31.39 29.09 25.12 21.25 16.18 9.17 13.19 14.05 10.55 9.32 17.51 18.82 21.64 21.30 21.14 19.40 13.43 8.10 4.90 6.05 8.51 9.71 7.86 5.60 4.57 5.92 8.92 10.56 9.99 9.35
-9999.00 -9999.00 -9999.00 -9999.00 -9999.00 -9999.00 -9999.00 19.36 16.32 8.99 18.18 8.45 5.85 9.57 12.46 10.28 10.75 11.25 10.70 7.95 1.46 5.98 8.64 11.80 17.00 18.39 19.12 16.14 6.40 17.56 19.67 16.39 18.28 21.53 22.59 20.06 22.89 25.79 27.44 27.74 26.40 23.29 19.42 13.68 10.03 14.62 13.98 9.25 14.02 19.62 19.00 19.76 20.77 16.96 9.06 4.58 5.91 5.90 3.44 2.45 7.87 10.03 9.15 9.01 11.09 13.28 12.31 9.34 6.28
-9999.00 -9999.00 -9999.00 -9999.00 -9999.00 -9999.00 -9999.00 17.95 16.75 9.57 20.01 11.97 6.13 8.23 14.40 17.95 19.20 18.16 17.07 15.75 14.56 12.94 14.54 19.33 21.99 22.19 21.10 17.85 6.68 3.01 3.02 3.71 3.16 10.94 12.07 8.29 6.57 1.12 3.26 3.72 3.59 4.39 5.14 3.61 8.32 16.27 18.36 14.55 19.13 20.34 14.40 1.10 9.35 13.86 14.27 11.99 9.80 9.96 10.90 8.61 3.02 2.52 6.21 8.02 8.95 7.24 2.89 1.43 3.95
-9999.00 -9999.00 -9999.00 -9999.00 -9999.00 -9999.00 -9999.00 -9999.00 16.00 6.79 19.58 16.09 4.66 6.35 2.36 7.37 12.95 16.23 18.27 19.79 22.66 23.63 23.91 25.69 27.75 25.45 19.17 10.64 3.97 16.39 21.47 23.78 21.76 15.35 6.78 11.43 16.68 22.25 26.40 27.55 24.88 21.39 17.45 12.84 7.00 5.07 17.77 20.58 19.21 11.32 4.81 20.95 24.58 21.33 15.59 10.74 8.22 8.40 9.94 10.85 11.23 10.33 7.09 3.95 2.67 2.23 7.08 8.97 7.92
-9999.00 -9999.00 -9999.00 -9999.00 -9999.00 -9999.00 -9999.00 -9999.00 17.00 3.88 16.25 17.35 11.15 3.46 5.05 9.59 12.25 9.30 11.00 12.67 17.49 22.23 23.21 22.92 20.46 7.21 6.60 10.69 8.38 15.15 14.21 15.99 21.74 22.80 11.14 13.90 17.92 22.14 24.36 27.06 26.09 22.44 18.75 16.13 16.13 12.96 2.70 2.54 6.76 14.56 22.64 25.45 15.53 13.00 12.87 8.34 5.77 5.12 6.59 6.22 7.62 9.33 9.16 7.66 3.33 8.37 11.59 9.01 5.93
-9999.00 -9999.00 -9999.00 -9999.00 -9999.00 -9999.00 -9999.00 -9999.00 16.99 8.61 11.23 15.71 14.34 12.82 8.71 1.94 14.44 16.91 15.94 14.57 10.30 8.58 12.65 11.28 2.88 17.33 22.84 22.33 11.36 11.63 16.56 7.36 11.86 22.88 13.49 13.77 21.35 23.92 22.56 22.20 24.87 22.67 17.46 12.48 12.36 15.52 18.96 24.23 26.05 24.85 22.22 16.18 5.96 13.67 13.01 6.73 3.65 5.16 5.70 3.63 3.09 5.05 8.08 7.93 2.85 12.51 10.06 5.63 7.21
-9999.00 -9999.00 -9999.00 -9999.00 -9999.00 -9999.00 -9999.00 -9999.00 15.19 12.20 6.04 12.12 12.23 13.98 15.28 11.06 2.15 11.17 15.63 14.78 15.24 16.39 6.66 6.98 17.81 24.32 22.30 23.70 23.01 6.69 17.12 12.77 6.63 21.40 17.43 12.87 24.62 24.04 17.14 10.52 20.80 19.96 14.34 10.03 9.04 10.19 15.82 18.02 15.79 14.30 12.32 5.81 7.87 13.65 12.60 7.85 4.04 3.37 3.96 3.13 3.70 5.55 8.12 5.46 7.31 13.28 6.32 5.58 9.65
-9999.00 -9999.00 -9999.00 -9999.00 -9999.00 -9999.00 -9999.00 -9999.00 13.84 11.86 2.85 7.39 8.93 11.08 13.33 15.07 14.07 10.65 12.63 19.01 21.86 14.54 6.51 17.69 18.26 19.05 14.32 17.07 24.83 15.03 18.57 16.76 8.70 19.46 19.53 9.21 24.97 21.52 13.22 10.35 20.56 18.54 13.03 9.39 5.50 1.88 7.85 6.36 3.74 2.97 2.75 2.24 8.50 11.97 11.86 9.97 7.11 5.64 5.69 5.13 4.79 5.21 7.50 2.40 10.22 12.81 4.65 6.74 11.41
-9999.00 -9999.00 -9999.00 -9999.00 -9999.00 -9999.00 -9999.00 13.30 11.63 9.04 2.33 4.26 4.49 7.75 10.80 13.73 16.27 17.70 22.21 23.17 14.96 3.04 20.18 22.09 17.46 16.06 10.86 11.66 22.95 24.34 20.54 12.52 4.82 16.56 16.99 8.02 24.36 16.33 8.63 13.16 20.33 18.84 13.92 9.17 6.11 5.74 9.61 7.38 5.22 3.77 1.54 2.84 7.38 10.36 11.11 10.03 8.33 8.12 7.76 6.34 5.63 6.92 7.52 1.18 12.33 12.13 2.88 7.49 11.89
-9999.00 -9999.00 -9999.00 -9999.00 -9999.00 -9999.00 -9999.00 14.28 9.33 6.58 3.05 4.20 3.33 5.42 8.34 10.60 13.56 17.30 18.71 9.55 6.53 18.96 23.78 19.30 16.55 15.31 11.12 9.27 14.75 14.96 5.64 8.94 16.96 17.72 8.36 14.55 24.44 13.84 4.46 8.90 16.67 16.50 11.09 5.66 4.90 3.48 10.06 8.89 6.05 4.84 2.91 3.69 7.29 10.95 13.08 11.79 8.28 5.04 4.05 5.53 7.71 8.10 4.05 6.02 13.18 9.18 3.00 10.95 9.18
-9999.00 -9999.00 -9999.00 -9999.00 -9999.00 -9999.00 -9999.00 14.37 10.01 5.59 2.74 4.30 2.98 3.02 3.74 5.73 9.63 11.66 5.85 8.24 17.96 21.55 20.90 15.52 11.85 11.59 9.23 4.75 8.25 14.04 14.05 10.97 7.37 6.19 10.00 20.62 20.70 10.42 6.13 11.60 17.03 17.88 12.98 6.27 6.39 2.12 10.46 11.28 7.37 5.28 2.48 2.45 6.71 11.19 13.66 12.75 8.42 5.70 6.89 8.75 7.19 2.62 4.54 10.52 11.14 5.57 6.24 8.91 3.71
-9999.00 -9999.00 -9999.00 -9999.00 -9999.00 -9999.00 -9999.00 12.92 10.40 5.78 2.27 3.62 2.19 1.89 2.72 5.09 6.01 2.28 5.09 12.22 16.29 17.04 15.46 12.19 9.90 8.55 6.15 6.51 11.29 12.81 13.07 18.55 21.61 20.98 18.76 16.23 9.35 8.27 8.37 11.90 14.71 17.16 15.27 9.48 9.40 5.57 12.34 12.52 10.92 12.29 13.13 14.04 15.10 15.78 15.79 14.77 10.11 6.73 7.21 10.89 6.55 3.80 9.75 11.03 9.31 5.81 8.56 8.58 10.30
-9999.00 -9999.00 -9999.00 -9999.00 -9999.00 -9999.00 -9999.00 10.59 10.58 6.52 2.41 3.14 2.46 3.45 5.36 5.21 1.78 2.26 5.08 10.02 15.34 18.89 19.81 16.31 9.40 4.85 4.89 8.72 11.86 14.31 16.29 16.76 14.62 10.74 5.01 2.41 12.21 19.84 22.40 21.85 18.54 18.50 18.75 13.64 8.22 3.69 10.43 18.23 23.46 26.23 27.53 27.76 27.07 24.55 20.39 16.19 11.62 10.19 10.53 8.47 1.43 8.32 8.31 7.78 6.85 3.66 7.21 6.53 8.24
-9999.00 -9999.00 -9999.00 -9999.00 -9999.00 -9999.00 -9999.00 9.27 10.34 6.25 2.98 2.30 4.51 5.48 3.64 0.47 2.27 2.79 2.53 6.50 11.61 16.74 22.09 24.11 21.62 15.03 4.82 4.39 7.24 6.90 6.80 12.80 16.72 16.98 15.90 16.83 19.16 21.58 25.80 27.02 24.61 21.38 17.40 6.69 5.79 9.52 6.44 1.46 0.62 1.31 3.41 5.24 5.22 2.86 3.71 6.96 6.59 5.09 4.65 0.77 8.90 9.34 5.06 5.26 7.31 2.49 4.65 4.23 5.06
-9999.00 -9999.00 -9999.00 -9999.00 -9999.00 -9999.00 -9999.00 10.39 8.41 4.90 4.05 2.91 2.79 0.31 3.49 4.18 2.67 2.93 3.56 5.18 6.68 7.68 12.31 15.76 17.37 16.77 11.39 6.87 6.22 11.19 17.16 21.22 23.62 22.92 21.98 22.05 20.62 18.86 15.58 10.24 4.64 3.42 8.98 7.40 13.33 11.85 15.48 21.57 26.24 27.44 26.47 24.92 23.51 21.05 16.36 12.58 10.23 5.55 3.08 9.13 12.36 8.56 5.78 4.31 8.27 3.72 3.99 4.47 3.44
-9999.00 -9999.00 -9999.00 -9999.00 -9999.00 -9999.00 7.24 6.70 6.12 5.13 3.98 1.07 3.81 5.58 5.12 3.66 2.61 2.44 3.83 6.70 9.04 9.18 11.13 13.83 14.47 11.36 5.47 6.33 9.56 12.60 17.84 18.45 16.04 16.10 15.04 13.68 10.91 4.90 6.66 16.13 19.46 17.57 15.00 8.67 12.38 8.27 11.28 16.19 15.92 15.81 15.19 13.53 10.83 9.78 15.86 15.45 7.26 5.66 7.70 9.81 10.51 7.29 7.45 5.77 8.88 4.17 4.16 5.32 3.36
-9999.00 -9999.00 -9999.00 -9999.00 -9999.00 -9999.00 9.79 7.89 5.51 3.02 1.49 4.92 5.41 3.69 2.00 1.91 3.13 1.88 3.47 6.26 7.45 6.28 8.41 12.80 14.38 8.32 4.56 9.98 13.75 15.49 17.60 20.28 14.94 7.04 0.36 5.97 10.41 16.70 21.73 21.22 13.50 10.39 10.53 7.49 11.45 8.77 9.91 10.79 6.73 6.37 8.79 10.96 16.13 21.93 20.38 3.47 11.61 14.43 9.18 5.45 8.61 6.48 6.10 7.38 9.41 5.87 5.87 5.60 4.20
-9999.00 -9999.00 -9999.00 -9999.00 -9999.00 -9999.00 13.33 8.01 1.57 2.06 4.59 4.24 2.69 1.51 1.21 1.45 2.86 4.83 4.34 2.61 7.33 9.14 9.91 13.60 16.51 11.35 15.22 19.38 20.61 21.36 21.88 19.00 9.54 4.60 13.77 18.22 21.79 25.30 24.19 16.70 11.87 11.72 14.17 13.22 8.88 8.07 9.32 8.32 3.10 6.78 13.36 17.20 19.38 19.37 6.73 15.53 17.93 14.84 11.62 4.36 7.12 8.75 2.83 4.21 6.75 3.85 3.44 1.59 4.52
-9999.00 -9999.00 -9999.00 -9999.00 -9999.00 -9999.00 11.46 3.46 3.29 3.55 4.32 3.02 2.84 2.93 2.41 2.01 3.52 6.60 8.04 6.85 2.37 5.41 9.43 14.41 17.55 15.34 17.38 16.25 15.23 15.75 12.45 3.26 8.85 15.44 21.83 24.04 25.14 24.33 19.55 15.84 16.82 18.74 19.50 14.85 3.03 7.77 8.40 9.07 16.71 22.92 25.42 22.80 18.09 13.29 5.58 21.70 12.18 11.67 12.99 7.95 5.62 8.74 2.14 2.66 5.87 4.61 4.66 2.70 2.26
-9999.00 -9999.00 -9999.00 -9999.00 -9999.00 -9999.00 10.93 5.74 2.87 4.39 5.07 4.42 4.38 4.80 4.47 3.31 4.39 6.24 4.81 7.26 7.21 3.60 2.75 10.62 14.27 12.01 4.94 6.02 11.14 10.23 7.58 16.68 21.32 22.56 26.33 25.95 22.80 18.47 13.74 15.89 16.76 15.22 14.49 19.03 13.51 14.56 21.51 26.28 27.85 25.64 18.94 10.03 9.21 8.67 9.27 18.68 11.34 8.98 7.91 6.24 2.14 6.48 5.10 6.36 7.91 7.85 5.26 4.39 3.49
-9999.00 -9999.00 -9999.00 -9999.00 -9999.00 -9999.00 8.88 4.52 4.06 6.72 5.93 5.87 5.75 6.09 6.96 6.54 4.98 5.54 3.36 4.37 6.57 7.11 3.64 5.26 6.34 5.64 9.76 11.79 16.92 14.68 14.92 23.47 22.76 20.74 22.60 19.55 13.26 9.59 6.64 9.07 7.60 6.30 14.19 22.54 20.03 10.47 12.31 8.73 4.01 8.34 13.27 12.87 12.63 8.84 6.60 12.52 14.94 16.22 13.67 10.22 7.93 9.54 7.39 3.75 3.08 2.09 4.03 6.71 3.99
-9999.00 -9999.00 -9999.00 -9999.00 -9999.00 -9999.00 9.11 4.03 11.98 10.34 6.97 7.60 6.86 6.37 7.66 9.37 7.58 5.14 3.10 3.13 3.83 7.82 2.97 7.03 9.53 11.07 12.66 7.90 13.52 15.35 19.47 23.55 15.89 10.89 13.37 9.86 2.75 9.27 13.93 16.04 14.52 13.54 15.57 21.30 22.08 8.41 11.04 19.27 23.11 21.50 14.29 12.97 12.38 6.94 17.67 17.38 12.31 5.69 6.94 5.44 2.24 3.34 2.46 3.89 4.98 4.41 4.50 5.85 4.94
-9999.00 -9999.00 -9999.00 -9999.00 -9999.00 -9999.00 5.91 13.27 14.03 11.12 7.40 8.00 6.13 6.16 7.83 9.63 11.58 10.88 7.67 5.36 5.38 10.47 4.55 8.51 12.74 13.53 11.86 8.34 10.03 15.44 20.67 17.98 6.76 3.14 7.64 13.09 18.80 22.87 25.10 25.14 24.12 24.20 24.59 23.19 15.28 8.16 21.31 19.81 12.64 10.70 19.05 18.79 2.82 23.97 28.93 25.15 20.85 15.85 2.78 7.19 10.24 10.33 6.88 3.70 4.77 3.32 5.12 5.79 5.86
-9999.00 -9999.00 -9999.00 -9999.00 -9999.00 -9999.00 2.98 14.83 6.89 5.08 2.82 6.83 5.30 7.17 9.41 9.87 12.15 13.72 12.86 8.23 5.54 10.35 6.00 8.36 15.26 13.05 11.03 10.54 10.43 11.18 10.50 5.06 6.50 9.28 10.79 14.68 14.19 12.43 12.39 9.43 6.92 6.32 8.21 7.67 7.96 15.54 14.38 1.45 18.13 24.99 21.92 3.04 22.75 28.70 18.01 14.62 23.85 18.34 1.00 9.78 9.99 8.52 8.88 5.53 3.45 4.85 7.10 7.02 6.85
-9999.00 -9999.00 -9999.00 -9999.00 -9999.00 -9999.00 4.86 13.23 12.62 9.14 6.81 5.58 2.32 6.28 7.82 7.29 8.39 9.15 11.43 7.88 3.99 8.03 10.64 7.77 16.13 14.70 8.81 7.49 6.51 4.08 3.31 7.58 8.30 6.39 1.30 6.53 11.87 16.71 20.23 18.32 17.57 20.22 22.15 19.89 11.70 3.01 14.35 25.31 28.88 20.63 1.61 21.27 29.31 20.70 5.17 17.53 24.61 18.12 1.40 10.61 8.63 4.02 4.51 7.22 7.25 7.42 9.13 8.54 7.15
-9999.00 -9999.00 -9999.00 -9999.00 -9999.00 -9999.00 7.92 6.75 8.40 6.85 9.14 8.28 5.63 6.88 6.37 3.84 3.92 2.24 7.69 8.66 9.59 15.75 19.23 14.83 13.42 16.54 8.67 3.23 1.89 5.69 2.17 3.55 6.04 7.06 13.36 19.39 21.72 21.69 23.08 21.25 18.83 18.12 17.89 15.97 13.07 15.84 22.64 22.91 11.35 8.61 24.46 30.20 24.03 8.53 9.89 18.43 21.46 16.93 2.24 9.72 9.47 6.63 3.10 1.95 4.36 6.72 7.99 7.48 4.39
