hydro/data/static_data/land/marche.dem.txt
ncols   643
nrows   534
xllcorner    12.0418
yllcorner    42.5206
cellsize    0.003003
NODATA_value -9999
[rows 403 to 433 of 534, columns 560 to 629 of 643]
262.2 276.0 286.9 298.7 286.1 269.7 244.6 228.1 204.2 185.7 171.4 121.1 93.0 142.0 178.1 206.3 187.1 147.4 164.2 179.4 193.6 198.4 130.1 116.0 170.1 180.2 194.6 204.3 172.0 139.6 147.6 184.3 161.8 156.6 161.0 161.7 181.2 155.6 149.0 142.6 -9999.0 -9999.0 -9999.0 -9999.0 -9999.0 -9999.0 -9999.0 -9999.0 -9999.0 -9999.0 -9999.0 -9999.0 -9999.0 -9999.0 -9999.0 -9999.0 -9999.0 -9999.0 -9999.0 -9999.0 -9999.0 -9999.0 -9999.0 -9999.0 -9999.0 -9999.0 -9999.0 -9999.0 -9999.0 -9999.0
277.3 294.3 302.8 302.6 275.6 251.6 253.8 226.2 192.5 171.0 162.4 134.6 87.9 115.5 160.1 190.2 179.7 139.3 155.1 165.1 173.2 187.9 145.0 90.3 130.2 158.2 184.0 188.4 184.0 149.8 130.9 155.1 156.0 138.0 144.8 140.8 169.2 152.1 129.2 123.8 134.7 -9999.0 -9999.0 -9999.0 -9999.0 -9999.0 -9999.0 -9999.0 -9999.0 -9999.0 -9999.0 -9999.0 -9999.0 -9999.0 -9999.0 -9999.0 -9999.0 -9999.0 -9999.0 -9999.0 -9999.0 -9999.0 -9999.0 -9999.0 -9999.0 -9999.0 -9999.0 -9999.0 -9999.0 -9999.0
267.4 288.0 293.0 270.5 272.9 241.9 245.1 255.9 209.0 181.0 183.9 169.2 112.4 88.5 136.3 169.8 175.5 133.9 140.5 158.7 170.0 186.0 172.0 94.2 113.2 158.8 171.4 172.4 184.3 171.7 138.9 124.8 143.4 132.4 124.4 120.9 139.5 137.9 116.8 106.6 115.8 -9999.0 -9999.0 -9999.0 -9999.0 -9999.0 -9999.0 -9999.0 -9999.0 -9999.0 -9999.0 -9999.0 -9999.0 -9999.0 -9999.0 -9999.0 -9999.0 -9999.0 -9999.0 -9999.0 -9999.0 -9999.0 -9999.0 -9999.0 -9999.0 -9999.0 -9999.0 -9999.0 -9999.0 -9999.0
286.3 310.9 290.0 255.3 244.9 229.6 220.5 235.0 226.9 229.4 228.7 193.5 147.3 90.5 86.9 126.6 157.3 126.6 132.5 153.4 162.5 173.5 176.9 113.5 84.7 120.1 154.9 163.7 161.1 188.3 171.9 136.8 118.2 118.8 115.3 118.8 113.6 110.7 117.6 104.7 93.7 89.4 -9999.0 -9999.0 -9999.0 -9999.0 -9999.0 -9999.0 -9999.0 -9999.0 -9999.0 -9999.0 -9999.0 -9999.0 -9999.0 -9999.0 -9999.0 -9999.0 -9999.0 -9999.0 -9999.0 -9999.0 -9999.0 -9999.0 -9999.0 -9999.0 -9999.0 -9999.0 -9999.0 -9999.0
295.8 326.1 305.7 265.8 249.8 239.0 218.5 199.6 200.5 215.1 230.0 212.2 179.2 139.1 98.8 81.6 97.8 95.6 118.4 145.9 160.4 182.6 198.9 162.0 93.4 77.7 103.9 130.6 140.6 150.4 157.9 148.7 130.0 104.6 98.1 100.2 98.7 92.1 92.4 91.5 82.6 75.5 72.0 -9999.0 -9999.0 -9999.0 -9999.0 -9999.0 -9999.0 -9999.0 -9999.0 -9999.0 56.4 53.7 53.6 53.2 53.6 -9999.0 -9999.0 -9999.0 17.8 -9999.0 -9999.0 -9999.0 -9999.0 -9999.0 -9999.0 -9999.0 -9999.0 -9999.0
279.8 294.0 279.4 243.4 226.3 221.6 232.4 217.6 182.1 190.4 212.8 220.2 213.7 201.5 169.2 117.6 93.7 74.2 80.6 125.9 147.6 178.7 189.8 192.0 170.5 120.7 84.1 68.9 103.3 128.3 123.9 116.9 109.6 103.6 96.0 87.3 83.1 80.2 77.4 72.6 67.0 65.5 64.8 63.5 -9999.0 -9999.0 -9999.0 -9999.0 -9999.0 56.3 56.6 56.7 56.0 55.7 55.3 50.0 41.8 29.2 17.0 15.8 -9999.0 -9999.0 -9999.0 -9999.0 -9999.0 -9999.0 -9999.0 -9999.0 -9999.0 -9999.0
262.7 252.0 248.4 223.0 207.5 194.7 217.9 223.9 171.9 156.5 190.3 210.6 244.6 236.0 206.5 187.3 157.3 110.7 68.5 107.1 141.8 159.4 175.6 163.5 171.3 159.6 140.5 86.2 71.8 114.6 107.4 100.8 93.8 91.2 88.9 81.8 75.6 72.6 68.8 64.9 63.4 62.3 61.9 61.2 60.8 60.0 58.9 58.5 58.7 56.6 51.5 44.7 44.3 43.2 32.6 18.6 9.9 12.2 27.1 43.6 -9999.0 -9999.0 -9999.0 -9999.0 -9999.0 -9999.0 -9999.0 -9999.0 -9999.0 -9999.0
239.3 232.9 216.0 219.7 187.9 185.5 220.3 220.5 168.1 125.8 169.1 195.6 234.6 238.1 214.1 217.1 195.9 143.1 73.2 73.2 115.9 146.5 159.9 140.4 129.9 123.5 116.3 84.8 58.5 96.0 93.4 77.8 58.1 59.1 72.4 71.6 70.6 68.1 67.4 65.3 63.1 61.3 61.9 62.3 60.8 60.0 58.3 52.1 40.7 25.4 19.0 11.8 12.7 14.6 21.3 38.4 58.1 59.5 54.3 55.4 54.8 -9999.0 -9999.0 -9999.0 -9999.0 -9999.0 -9999.0 -9999.0 -9999.0 -9999.0
207.5 220.2 206.8 209.6 202.5 166.8 181.0 195.6 177.9 115.1 149.0 196.3 226.0 225.1 197.8 178.8 163.9 148.5 98.5 57.7 71.7 111.3 129.0 121.0 111.5 105.2 98.0 73.1 45.4 50.0 52.2 35.5 31.5 31.1 55.4 68.8 68.4 66.1 65.9 66.0 63.8 61.4 60.0 58.1 48.3 34.1 23.9 16.4 16.9 24.7 38.0 55.4 78.8 101.5 127.1 140.5 118.2 84.6 59.3 55.2 55.3 -9999.0 -9999.0 -9999.0 -9999.0 -9999.0 -9999.0 -9999.0 -9999.0 -9999.0
189.9 202.1 195.3 194.1 207.9 178.2 155.7 154.7 150.4 105.6 168.7 191.0 195.2 195.6 181.0 167.2 147.3 132.7 113.6 80.0 58.6 52.7 78.8 89.9 85.0 87.0 83.2 78.7 60.8 44.4 38.3 43.3 55.0 33.4 36.5 49.0 40.7 29.4 28.1 28.1 27.8 26.6 24.8 23.2 16.9 18.5 33.7 65.0 102.4 129.4 139.1 164.5 196.3 209.2 185.9 149.2 118.6 99.1 67.1 56.9 57.0 58.4 -9999.0 -9999.0 -9999.0 -9999.0 -9999.0 -9999.0 -9999.0 -9999.0
199.5 199.1 179.9 182.7 206.6 215.5 189.7 160.7 117.1 98.3 165.6 183.7 159.8 159.1 144.3 139.8 129.3 122.0 112.5 102.0 85.5 53.6 45.5 45.7 44.4 56.3 67.7 76.7 76.2 71.4 55.9 34.9 30.9 20.6 16.4 16.2 18.8 27.6 34.3 27.6 32.7 34.4 35.0 41.8 58.0 91.1 108.9 142.6 199.3 219.6 227.3 258.8 265.6 239.5 197.4 160.2 145.0 125.5 85.2 59.9 57.7 58.7 -9999.0 -9999.0 -9999.0 -9999.0 -9999.0 -9999.0 -9999.0 -9999.0
184.1 178.6 160.2 180.0 208.8 231.2 223.1 206.0 163.9 103.2 99.4 140.5 138.2 134.2 126.3 118.3 105.3 93.4 89.4 86.8 86.5 80.2 76.1 71.7 53.7 42.3 39.8 53.6 67.5 40.8 22.0 21.9 37.8 39.9 43.5 45.8 56.7 64.6 67.1 64.7 69.5 86.2 107.2 140.3 175.1 201.9 197.6 216.2 261.8 282.7 300.9 306.8 293.8 268.5 228.2 198.5 183.4 151.4 102.6 66.1 59.8 59.4 -9999.0 -9999.0 -9999.0 -9999.0 -9999.0 -9999.0 -9999.0 -9999.0
171.7 181.3 163.4 152.9 167.9 188.1 184.5 174.0 161.5 128.1 79.7 116.2 126.6 114.3 106.3 97.9 90.0 85.1 84.4 84.0 83.9 82.9 80.8 77.7 77.5 72.0 47.4 32.9 28.0 20.7 35.3 58.1 68.4 68.6 68.6 68.2 70.7 74.4 91.5 101.3 104.5 131.3 152.1 175.2 216.2 264.2 285.7 294.8 284.1 264.1 268.1 284.8 282.4 256.8 226.2 190.8 155.2 125.6 97.2 71.7 61.7 61.7 -9999.0 -9999.0 -9999.0 -9999.0 -9999.0 -9999.0 -9999.0 -9999.0
157.0 184.5 181.9 157.5 137.8 135.4 140.2 135.1 132.5 115.6 74.7 76.5 100.2 103.4 96.9 91.1 87.0 84.5 83.3 81.3 80.6 80.1 78.4 76.7 76.3 71.9 56.5 26.6 22.3 42.8 68.3 72.0 72.6 73.4 74.6 86.1 106.6 123.9 121.8 147.6 151.7 149.1 176.8 183.1 215.2 273.3 -9999.0 -9999.0 294.0 262.6 242.4 227.2 220.2 210.6 192.8 172.2 141.4 120.7 114.5 84.8 64.9 61.9 -9999.0 -9999.0 -9999.0 -9999.0 -9999.0 -9999.0 -9999.0 -9999.0
112.6 161.5 152.3 136.2 124.2 117.0 114.3 113.1 107.7 103.1 87.7 64.6 76.9 95.7 93.3 89.4 86.6 84.1 82.1 80.1 78.9 78.1 73.0 56.7 44.2 34.8 25.0 26.7 43.2 73.9 82.8 94.8 105.0 113.0 124.2 139.7 162.1 191.1 194.9 204.9 220.4 217.0 242.4 248.6 255.8 -9999.0 -9999.0 -9999.0 -9999.0 294.8 275.1 254.1 227.8 203.3 183.3 170.2 167.7 167.9 145.1 105.0 71.4 63.1 63.6 -9999.0 -9999.0 -9999.0 -9999.0 -9999.0 -9999.0 -9999.0
79.8 113.9 114.3 110.8 106.4 103.2 101.7 101.2 97.9 95.5 93.7 68.1 56.1 63.2 77.0 85.8 83.6 82.2 80.1 72.0 52.4 45.7 32.9 27.5 29.7 34.9 49.6 68.8 83.6 99.8 125.7 160.5 188.6 188.7 207.3 210.1 209.6 225.3 234.9 -9999.0 -9999.0 -9999.0 -9999.0 -9999.0 -9999.0 -9999.0 -9999.0 -9999.0 -9999.0 -9999.0 -9999.0 -9999.0 251.9 247.1 239.0 242.8 233.6 204.2 161.4 111.9 77.8 64.7 64.4 -9999.0 -9999.0 -9999.0 -9999.0 -9999.0 -9999.0 -9999.0
69.7 77.0 102.9 103.1 99.4 96.4 95.5 92.7 91.6 92.2 88.9 77.0 59.6 48.9 46.9 54.9 69.9 61.9 48.7 36.0 29.9 38.5 43.6 56.2 70.5 79.2 86.8 90.6 110.9 140.5 178.9 211.8 222.8 215.4 210.5 -9999.0 -9999.0 -9999.0 -9999.0 -9999.0 -9999.0 -9999.0 -9999.0 -9999.0 -9999.0 -9999.0 -9999.0 -9999.0 -9999.0 -9999.0 -9999.0 -9999.0 -9999.0 -9999.0 -9999.0 258.7 223.1 196.4 153.1 112.6 85.5 67.2 65.1 -9999.0 -9999.0 -9999.0 -9999.0 -9999.0 -9999.0 -9999.0
87.0 65.3 79.8 93.0 91.7 88.4 79.0 63.4 62.8 61.2 52.1 42.8 43.2 41.5 40.5 38.1 36.8 34.6 37.8 46.2 59.9 80.1 88.2 102.7 110.7 120.7 127.7 136.9 136.4 173.6 234.0 248.7 229.7 237.8 241.7 -9999.0 -9999.0 -9999.0 -9999.0 -9999.0 -9999.0 -9999.0 -9999.0 -9999.0 -9999.0 -9999.0 -9999.0 -9999.0 -9999.0 -9999.0 -9999.0 -9999.0 -9999.0 -9999.0 -9999.0 -9999.0 252.7 215.3 170.3 132.1 -9999.0 -9999.0 -9999.0 -9999.0 -9999.0 -9999.0 -9999.0 -9999.0 -9999.0 -9999.0
66.3 55.5 56.1 56.9 55.2 49.6 46.4 46.3 46.8 47.9 55.3 62.4 66.5 64.7 64.3 72.7 76.2 78.4 89.8 94.7 114.8 146.5 162.7 175.2 176.7 174.4 187.4 197.3 187.6 239.0 284.1 300.4 272.8 256.6 271.8 -9999.0 -9999.0 -9999.0 -9999.0 -9999.0 -9999.0 -9999.0 -9999.0 -9999.0 -9999.0 -9999.0 -9999.0 -9999.0 -9999.0 -9999.0 -9999.0 -9999.0 -9999.0 -9999.0 -9999.0 -9999.0 -9999.0 -9999.0 186.3 -9999.0 -9999.0 -9999.0 -9999.0 -9999.0 -9999.0 -9999.0 -9999.0 -9999.0 -9999.0 -9999.0
55.8 62.0 66.9 69.8 68.4 68.6 70.7 87.9 104.5 120.5 128.4 129.7 130.9 118.0 104.7 117.5 116.4 111.4 122.1 131.3 142.5 171.1 199.3 225.7 236.9 233.0 245.2 240.9 254.5 293.0 307.6 -9999.0 -9999.0 283.1 -9999.0 -9999.0 -9999.0 -9999.0 -9999.0 -9999.0 -9999.0 -9999.0 -9999.0 -9999.0 -9999.0 -9999.0 -9999.0 -9999.0 -9999.0 -9999.0 -9999.0 -9999.0 -9999.0 -9999.0 -9999.0 -9999.0 -9999.0 -9999.0 -9999.0 -9999.0 -9999.0 -9999.0 -9999.0 -9999.0 -9999.0 -9999.0 -9999.0 -9999.0 -9999.0 -9999.0
98.2 104.3 108.7 112.8 121.5 132.3 147.5 157.2 176.4 186.1 182.7 197.6 187.7 136.5 129.1 150.6 156.1 146.3 144.1 153.4 168.3 175.4 198.2 243.2 296.3 308.1 295.5 296.5 302.6 -9999.0 -9999.0 -9999.0 -9999.0 -9999.0 -9999.0 -9999.0 -9999.0 -9999.0 -9999.0 -9999.0 -9999.0 -9999.0 -9999.0 -9999.0 -9999.0 -9999.0 -9999.0 -9999.0 -9999.0 -9999.0 -9999.0 -9999.0 -9999.0 -9999.0 -9999.0 -9999.0 -9999.0 -9999.0 -9999.0 -9999.0 -9999.0 -9999.0 -9999.0 -9999.0 -9999.0 -9999.0 -9999.0 -9999.0 -9999.0 -9999.0
131.6 129.3 137.0 128.1 134.9 154.4 179.1 204.3 225.1 242.8 259.7 258.3 216.3 170.1 182.2 196.8 209.1 213.8 214.8 219.4 249.9 254.8 264.5 277.0 294.0 -9999.0 -9999.0 -9999.0 -9999.0 -9999.0 -9999.0 -9999.0 -9999.0 -9999.0 -9999.0 -9999.0 -9999.0 -9999.0 -9999.0 -9999.0 -9999.0 -9999.0 -9999.0 -9999.0 -9999.0 -9999.0 -9999.0 -9999.0 -9999.0 -9999.0 -9999.0 -9999.0 -9999.0 -9999.0 -9999.0 -9999.0 -9999.0 -9999.0 -9999.0 -9999.0 -9999.0 -9999.0 -9999.0 -9999.0 -9999.0 -9999.0 -9999.0 -9999.0 -9999.0 -9999.0
166.6 147.7 160.7 153.8 149.2 155.7 170.4 201.6 247.3 299.7 326.3 305.5 271.6 250.0 260.6 270.1 292.7 305.2 300.5 309.1 315.9 302.5 311.7 -9999.0 -9999.0 -9999.0 -9999.0 -9999.0 -9999.0 -9999.0 -9999.0 -9999.0 -9999.0 -9999.0 -9999.0 -9999.0 -9999.0 -9999.0 -9999.0 -9999.0 -9999.0 -9999.0 -9999.0 -9999.0 -9999.0 -9999.0 -9999.0 -9999.0 -9999.0 -9999.0 -9999.0 -9999.0 -9999.0 -9999.0 -9999.0 -9999.0 -9999.0 -9999.0 -9999.0 -9999.0 -9999.0 -9999.0 -9999.0 -9999.0 -9999.0 -9999.0 -9999.0 -9999.0 -9999.0 -9999.0
174.4 170.5 184.4 194.1 196.7 215.9 218.2 239.0 288.6 328.6 354.0 343.4 328.9 323.4 308.6 -9999.0 -9999.0 -9999.0 332.2 356.2 -9999.0 -9999.0 -9999.0 -9999.0 -9999.0 -9999.0 -9999.0 -9999.0 -9999.0 -9999.0 -9999.0 -9999.0 -9999.0 -9999.0 -9999.0 -9999.0 -9999.0 -9999.0 -9999.0 -9999.0 -9999.0 -9999.0 -9999.0 -9999.0 -9999.0 -9999.0 -9999.0 -9999.0 -9999.0 -9999.0 -9999.0 -9999.0 -9999.0 -9999.0 -9999.0 -9999.0 -9999.0 -9999.0 -9999.0 -9999.0 -9999.0 -9999.0 -9999.0 -9999.0 -9999.0 -9999.0 -9999.0 -9999.0 -9999.0 -9999.0
171.0 182.4 208.0 244.1 272.7 297.6 291.2 294.7 323.0 344.4 -9999.0 -9999.0 -9999.0 -9999.0 -9999.0 -9999.0 -9999.0 -9999.0 -9999.0 -9999.0 -9999.0 -9999.0 -9999.0 -9999.0 -9999.0 -9999.0 -9999.0 -9999.0 -9999.0 -9999.0 -9999.0 -9999.0 -9999.0 -9999.0 -9999.0 -9999.0 -9999.0 -9999.0 -9999.0 -9999.0 -9999.0 -9999.0 -9999.0 -9999.0 -9999.0 -9999.0 -9999.0 -9999.0 -9999.0 -9999.0 -9999.0 -9999.0 -9999.0 -9999.0 -9999.0 -9999.0 -9999.0 -9999.0 -9999.0 -9999.0 -9999.0 -9999.0 -9999.0 -9999.0 -9999.0 -9999.0 -9999.0 -9999.0 -9999.0 -9999.0
247.4 239.0 231.6 278.4 310.2 -9999.0 302.2 310.6 321.5 333.9 -9999.0 -9999.0 -9999.0 -9999.0 -9999.0 -9999.0 -9999.0 -9999.0 -9999.0 -9999.0 -9999.0 -9999.0 -9999.0 -9999.0 -9999.0 -9999.0 -9999.0 -9999.0 -9999.0 -9999.0 -9999.0 -9999.0 -9999.0 -9999.0 -9999.0 -9999.0 -9999.0 -9999.0 -9999.0 -9999.0 -9999.0 -9999.0 -9999.0 -9999.0 -9999.0 -9999.0 -9999.0 -9999.0 -9999.0 -9999.0 -9999.0 -9999.0 -9999.0 -9999.0 -9999.0 -9999.0 -9999.0 -9999.0 -9999.0 -9999.0 -9999.0 -9999.0 -9999.0 -9999.0 -9999.0 -9999.0 -9999.0 -9999.0 -9999.0 -9999.0
318.0 316.6 312.1 319.3 -9999.0 -9999.0 -9999.0 -9999.0 -9999.0 -9999.0 -9999.0 -9999.0 -9999.0 -9999.0 -9999.0 -9999.0 -9999.0 -9999.0 -9999.0 -9999.0 -9999.0 -9999.0 -9999.0 -9999.0 -9999.0 -9999.0 -9999.0 -9999.0 -9999.0 -9999.0 -9999.0 -9999.0 -9999.0 -9999.0 -9999.0 -9999.0 -9999.0 -9999.0 -9999.0 -9999.0 -9999.0 -9999.0 -9999.0 -9999.0 -9999.0 -9999.0 -9999.0 -9999.0 -9999.0 -9999.0 -9999.0 -9999.0 -9999.0 -9999.0 -9999.0 -9999.0 -9999.0 -9999.0 -9999.0 -9999.0 -9999.0 -9999.0 -9999.0 -9999.0 -9999.0 -9999.0 -9999.0 -9999.0 -9999.0 -9999.0
334.8 338.3 -9999.0 -9999.0 -9999.0 -9999.0 -9999.0 -9999.0 -9999.0 -9999.0 -9999.0 -9999.0 -9999.0 -9999.0 -9999.0 -9999.0 -9999.0 -9999.0 -9999.0 -9999.0 -9999.0 -9999.0 -9999.0 -9999.0 -9999.0 -9999.0 -9999.0 -9999.0 -9999.0 -9999.0 -9999.0 -9999.0 -9999.0 -9999.0 -9999.0 -9999.0 -9999.0 -9999.0 -9999.0 -9999.0 -9999.0 -9999.0 -9999.0 -9999.0 -9999.0 -9999.0 -9999.0 -9999.0 -9999.0 -9999.0 -9999.0 -9999.0 -9999.0 -9999.0 -9999.0 -9999.0 -9999.0 -9999.0 -9999.0 -9999.0 -9999.0 -9999.0 -9999.0 -9999.0 -9999.0 -9999.0 -9999.0 -9999.0 -9999.0 -9999.0
-9999.0 -9999.0 -9999.0 -9999.0 -9999.0 -9999.0 -9999.0 -9999.0 -9999.0 -9999.0 -9999.0 -9999.0 -9999.0 -9999.0 -9999.0 -9999.0 -9999.0 -9999.0 -9999.0 -9999.0 -9999.0 -9999.0 -9999.0 -9999.0 -9999.0 -9999.0 -9999.0 -9999.0 -9999.0 -9999.0 -9999.0 -9999.0 -9999.0 -9999.0 -9999.0 -9999.0 -9999.0 -9999.0 -9999.0 -9999.0 -9999.0 -9999.0 -9999.0 -9999.0 -9999.0 -9999.0 -9999.0 -9999.0 -9999.0 -9999.0 -9999.0 -9999.0 -9999.0 -9999.0 -9999.0 -9999.0 -9999.0 -9999.0 -9999.0 -9999.0 -9999.0 -9999.0 -9999.0 -9999.0 -9999.0 -9999.0 -9999.0 -9999.0 -9999.0 -9999.0
-9999.0 -9999.0 -9999.0 -9999.0 -9999.0 -9999.0 -9999.0 -9999.0 -9999.0 -9999.0 -9999.0 -9999.0 -9999.0 -9999.0 -9999.0 -9999.0 -9999.0 -9999.0 -9999.0 -9999.0 -9999.0 -9999.0 -9999.0 -9999.0 -9999.0 -9999.0 -9999.0 -9999.0 -9999.0 -9999.0 -9999.0 -9999.0 -9999.0 -9999.0 -9999.0 -9999.0 -9999.0 -9999.0 -9999.0 -9999.0 -9999.0 -9999.0 -9999.0 -9999.0 -9999.0 -9999.0 -9999.0 -9999.0 -9999.0 -9999.0 -9999.0 -9999.0 -9999.0 -9999.0 -9999.0 -9999.0 -9999.0 -9999.0 -9999.0 -9999.0 -9999.0 -9999.0 -9999.0 -9999.0 -9999.0 -9999.0 -9999.0 -9999.0 -9999.0 -9999.0
-9999.0 -9999.0 -9999.0 -9999.0 -9999.0 -9999.0 -9999.0 -9999.0 -9999.0 -9999.0 -9999.0 -9999.0 -9999.0 -9999.0 -9999.0 -9999.0 -9999.0 -9999.0 -9999.0 -9999.0 -9999.0 -9999.0 -9999.0 -9999.0 -9999.0 -9999.0 -9999.0 -9999.0 -9999.0 -9999.0 -9999.0 -9999.0 -9999.0 -9999.0 -9999.0 -9999.0 -9999.0 -9999.0 -9999.0 -9999.0 -9999.0 -9999.0 -9999.0 -9999.0 -9999.0 -9999.0 -9999.0 -9999.0 -9999.0 -9999.0 -9999.0 -9999.0 -9999.0 -9999.0 -9999.0 -9999.0 -9999.0 -9999.0 -9999.0 -9999.0 -9999.0 -9999.0 -9999.0 -9999.0 -9999.0 -9999.0 -9999.0 -9999.0 -9999.0 -9999.0
